---- 1-EDO ----
primary_step=0, secondary_step=1, num_cycles=1
 0   0   0   0   0   0   0   0   0   0  
 0   0   0   0   0   0   0   0   0   0  
 0   0   0   0   0   0   0   0   0   0  
 0   0   0   0   0   0   0   0   0   0  
 0   0   0   0   0   0   0   0   0   0  
 0   0   0   0   0   0   0   0   0   0  
 0   0   0   0   0   0   0   0   0   0  
 0   0   0   0   0   0   0   0   0   0  
 0   0   0   0   0   0   0   0   0   0  
 0   0   0   0   0   0   0   0   0   0  
---- 2-EDO ----
primary_step=0, secondary_step=1, num_cycles=1
 0   0   0   0   0   0   0   0   0   0  
 1   1   1   1   1   1   1   1   1   1  
 0   0   0   0   0   0   0   0   0   0  
 1   1   1   1   1   1   1   1   1   1  
 0   0   0   0   0   0   0   0   0   0  
 1   1   1   1   1   1   1   1   1   1  
 0   0   0   0   0   0   0   0   0   0  
 1   1   1   1   1   1   1   1   1   1  
 0   0   0   0   0   0   0   0   0   0  
 1   1   1   1   1   1   1   1   1   1  
---- 3-EDO ----
primary_step=1, secondary_step=-1, num_cycles=1
 1   2   0   1   2   0   1   2   0   1  
 0   1   2   0   1   2   0   1   2   0  
 2   0   1   2   0   1   2   0   1   2  
 1   2   0   1   2   0   1   2   0   1  
 0   1   2   0   1   2   0   1   2   0  
 2   0   1   2   0   1   2   0   1   2  
 1   2   0   1   2   0   1   2   0   1  
 0   1   2   0   1   2   0   1   2   0  
 2   0   1   2   0   1   2   0   1   2  
 1   2   0   1   2   0   1   2   0   1  
---- 4-EDO ----
primary_step=0, secondary_step=2, num_cycles=2
 0   0   0   0   0   0   0   0   0   0  
 1   1   1   1   1   1   1   1   1   1  
 2   2   2   2   2   2   2   2   2   2  
 3   3   3   3   3   3   3   3   3   3  
 0   0   0   0   0   0   0   0   0   0  
 1   1   1   1   1   1   1   1   1   1  
 2   2   2   2   2   2   2   2   2   2  
 3   3   3   3   3   3   3   3   3   3  
 0   0   0   0   0   0   0   0   0   0  
 1   1   1   1   1   1   1   1   1   1  
---- 5-EDO ----
primary_step=1, secondary_step=0, num_cycles=1
 0   1   2   3   4   0   1   2   3   4  
 0   1   2   3   4   0   1   2   3   4  
 0   1   2   3   4   0   1   2   3   4  
 0   1   2   3   4   0   1   2   3   4  
 0   1   2   3   4   0   1   2   3   4  
 0   1   2   3   4   0   1   2   3   4  
 0   1   2   3   4   0   1   2   3   4  
 0   1   2   3   4   0   1   2   3   4  
 0   1   2   3   4   0   1   2   3   4  
 0   1   2   3   4   0   1   2   3   4  
---- 6-EDO ----
primary_step=1, secondary_step=0, num_cycles=1
 0   1   2   3   4   5   0   1   2   3  
 0   1   2   3   4   5   0   1   2   3  
 0   1   2   3   4   5   0   1   2   3  
 0   1   2   3   4   5   0   1   2   3  
 0   1   2   3   4   5   0   1   2   3  
 0   1   2   3   4   5   0   1   2   3  
 0   1   2   3   4   5   0   1   2   3  
 0   1   2   3   4   5   0   1   2   3  
 0   1   2   3   4   5   0   1   2   3  
 0   1   2   3   4   5   0   1   2   3  
---- 7-EDO ----
primary_step=1, secondary_step=1, num_cycles=1
 0   1   2   3   4   5   6   0   1   2  
 0   1   2   3   4   5   6   0   1   2  
 0   1   2   3   4   5   6   0   1   2  
 0   1   2   3   4   5   6   0   1   2  
 0   1   2   3   4   5   6   0   1   2  
 0   1   2   3   4   5   6   0   1   2  
 0   1   2   3   4   5   6   0   1   2  
 0   1   2   3   4   5   6   0   1   2  
 0   1   2   3   4   5   6   0   1   2  
 0   1   2   3   4   5   6   0   1   2  
---- 8-EDO ----
primary_step=1, secondary_step=2, num_cycles=1
 0   1   2   3   4   5   6   7   0   1  
 2   3   4   5   6   7   0   1   2   3  
 4   5   6   7   0   1   2   3   4   5  
 6   7   0   1   2   3   4   5   6   7  
 0   1   2   3   4   5   6   7   0   1  
 2   3   4   5   6   7   0   1   2   3  
 4   5   6   7   0   1   2   3   4   5  
 6   7   0   1   2   3   4   5   6   7  
 0   1   2   3   4   5   6   7   0   1  
 2   3   4   5   6   7   0   1   2   3  
---- 9-EDO ----
primary_step=1, secondary_step=2, num_cycles=1
 1   2   3   4   5   6   7   8   0   1  
 3   4   5   6   7   8   0   1   2   3  
 5   6   7   8   0   1   2   3   4   5  
 7   8   0   1   2   3   4   5   6   7  
 0   1   2   3   4   5   6   7   8   0  
 2   3   4   5   6   7   8   0   1   2  
 4   5   6   7   8   0   1   2   3   4  
 6   7   8   0   1   2   3   4   5   6  
 8   0   1   2   3   4   5   6   7   8  
 1   2   3   4   5   6   7   8   0   1  
---- 10-EDO ----
primary_step=2, secondary_step=0, num_cycles=2
 6   8   0   2   4   6   8   0   2   4  
 7   9   1   3   5   7   9   1   3   5  
 8   0   2   4   6   8   0   2   4   6  
 9   1   3   5   7   9   1   3   5   7  
 0   2   4   6   8   0   2   4   6   8  
 1   3   5   7   9   1   3   5   7   9  
 2   4   6   8   0   2   4   6   8   0  
 3   5   7   9   1   3   5   7   9   1  
 4   6   8   0   2   4   6   8   0   2  
 5   7   9   1   3   5   7   9   1   3  
---- 11-EDO ----
primary_step=1, secondary_step=3, num_cycles=1
 10  0   1   2   3   4   5   6   7   8  
 2   3   4   5   6   7   8   9   10  0  
 5   6   7   8   9   10  0   1   2   3  
 8   9   10  0   1   2   3   4   5   6  
 0   1   2   3   4   5   6   7   8   9  
 3   4   5   6   7   8   9   10  0   1  
 6   7   8   9   10  0   1   2   3   4  
 9   10  0   1   2   3   4   5   6   7  
 1   2   3   4   5   6   7   8   9   10 
 4   5   6   7   8   9   10  0   1   2  
---- 12-EDO ----
primary_step=2, secondary_step=1, num_cycles=1
 8   10  0   2   4   6   8   10  0   2  
 9   11  1   3   5   7   9   11  1   3  
 10  0   2   4   6   8   10  0   2   4  
 11  1   3   5   7   9   11  1   3   5  
 0   2   4   6   8   10  0   2   4   6  
 1   3   5   7   9   11  1   3   5   7  
 2   4   6   8   10  0   2   4   6   8  
 3   5   7   9   11  1   3   5   7   9  
 4   6   8   10  0   2   4   6   8   10 
 5   7   9   11  1   3   5   7   9   11 
---- 13-EDO ----
primary_step=2, secondary_step=1, num_cycles=1
 9   11  0   2   4   6   8   10  12  1  
 10  12  1   3   5   7   9   11  0   2  
 11  0   2   4   6   8   10  12  1   3  
 12  1   3   5   7   9   11  0   2   4  
 0   2   4   6   8   10  12  1   3   5  
 1   3   5   7   9   11  0   2   4   6  
 2   4   6   8   10  12  1   3   5   7  
 3   5   7   9   11  0   2   4   6   8  
 4   6   8   10  12  1   3   5   7   9  
 5   7   9   11  0   2   4   6   8   10 
---- 14-EDO ----
primary_step=2, secondary_step=2, num_cycles=2
 10  12  0   2   4   6   8   10  12  0  
 11  13  1   3   5   7   9   11  13  1  
 12  0   2   4   6   8   10  12  0   2  
 13  1   3   5   7   9   11  13  1   3  
 0   2   4   6   8   10  12  0   2   4  
 1   3   5   7   9   11  13  1   3   5  
 2   4   6   8   10  12  0   2   4   6  
 3   5   7   9   11  13  1   3   5   7  
 4   6   8   10  12  0   2   4   6   8  
 5   7   9   11  13  1   3   5   7   9  
---- 15-EDO ----
primary_step=3, secondary_step=0, num_cycles=3
 7   10  13  1   4   7   10  13  1   4  
 9   12  0   3   6   9   12  0   3   6  
 11  14  2   5   8   11  14  2   5   8  
 13  1   4   7   10  13  1   4   7   10 
 0   3   6   9   12  0   3   6   9   12 
 2   5   8   11  14  2   5   8   11  14 
 4   7   10  13  1   4   7   10  13  1  
 6   9   12  0   3   6   9   12  0   3  
 8   11  14  2   5   8   11  14  2   5  
 10  13  1   4   7   10  13  1   4   7  
---- 16-EDO ----
primary_step=2, secondary_step=3, num_cycles=1
 4   6   8   10  12  14  0   2   4   6  
 7   9   11  13  15  1   3   5   7   9  
 10  12  14  0   2   4   6   8   10  12 
 13  15  1   3   5   7   9   11  13  15 
 0   2   4   6   8   10  12  14  0   2  
 3   5   7   9   11  13  15  1   3   5  
 6   8   10  12  14  0   2   4   6   8  
 9   11  13  15  1   3   5   7   9   11 
 12  14  0   2   4   6   8   10  12  14 
 15  1   3   5   7   9   11  13  15  1  
---- 17-EDO ----
primary_step=3, secondary_step=1, num_cycles=1
 13  16  2   5   8   11  14  0   3   6  
 14  0   3   6   9   12  15  1   4   7  
 15  1   4   7   10  13  16  2   5   8  
 16  2   5   8   11  14  0   3   6   9  
 0   3   6   9   12  15  1   4   7   10 
 1   4   7   10  13  16  2   5   8   11 
 2   5   8   11  14  0   3   6   9   12 
 3   6   9   12  15  1   4   7   10  13 
 4   7   10  13  16  2   5   8   11  14 
 5   8   11  14  0   3   6   9   12  15 
---- 18-EDO ----
primary_step=2, secondary_step=4, num_cycles=2
 6   8   10  12  14  16  0   2   4   6  
 9   11  13  15  17  1   3   5   7   9  
 12  14  16  0   2   4   6   8   10  12 
 15  17  1   3   5   7   9   11  13  15 
 0   2   4   6   8   10  12  14  16  0  
 3   5   7   9   11  13  15  17  1   3  
 6   8   10  12  14  16  0   2   4   6  
 9   11  13  15  17  1   3   5   7   9  
 12  14  16  0   2   4   6   8   10  12 
 15  17  1   3   5   7   9   11  13  15 
---- 19-EDO ----
primary_step=3, secondary_step=2, num_cycles=1
 11  14  17  1   4   7   10  13  16  0  
 13  16  0   3   6   9   12  15  18  2  
 15  18  2   5   8   11  14  17  1   4  
 17  1   4   7   10  13  16  0   3   6  
 0   3   6   9   12  15  18  2   5   8  
 2   5   8   11  14  17  1   4   7   10 
 4   7   10  13  16  0   3   6   9   12 
 6   9   12  15  18  2   5   8   11  14 
 8   11  14  17  1   4   7   10  13  16 
 10  13  16  0   3   6   9   12  15  18 
---- 20-EDO ----
primary_step=4, secondary_step=0, num_cycles=4
 8   12  16  0   4   8   12  16  0   4  
 11  15  19  3   7   11  15  19  3   7  
 14  18  2   6   10  14  18  2   6   10 
 17  1   5   9   13  17  1   5   9   13 
 0   4   8   12  16  0   4   8   12  16 
 3   7   11  15  19  3   7   11  15  19 
 6   10  14  18  2   6   10  14  18  2  
 9   13  17  1   5   9   13  17  1   5  
 12  16  0   4   8   12  16  0   4   8  
 15  19  3   7   11  15  19  3   7   11 
---- 21-EDO ----
primary_step=3, secondary_step=3, num_cycles=3
 13  16  19  1   4   7   10  13  16  19 
 15  18  0   3   6   9   12  15  18  0  
 17  20  2   5   8   11  14  17  20  2  
 19  1   4   7   10  13  16  19  1   4  
 0   3   6   9   12  15  18  0   3   6  
 2   5   8   11  14  17  20  2   5   8  
 4   7   10  13  16  19  1   4   7   10 
 6   9   12  15  18  0   3   6   9   12 
 8   11  14  17  20  2   5   8   11  14 
 10  13  16  19  1   4   7   10  13  16 
---- 22-EDO ----
primary_step=4, secondary_step=1, num_cycles=1
 18  0   4   8   12  16  20  2   6   10 
 19  1   5   9   13  17  21  3   7   11 
 20  2   6   10  14  18  0   4   8   12 
 21  3   7   11  15  19  1   5   9   13 
 0   4   8   12  16  20  2   6   10  14 
 1   5   9   13  17  21  3   7   11  15 
 2   6   10  14  18  0   4   8   12  16 
 3   7   11  15  19  1   5   9   13  17 
 4   8   12  16  20  2   6   10  14  18 
 5   9   13  17  21  3   7   11  15  19 
---- 23-EDO ----
primary_step=3, secondary_step=4, num_cycles=1
 7   10  13  16  19  22  2   5   8   11 
 11  14  17  20  0   3   6   9   12  15 
 15  18  21  1   4   7   10  13  16  19 
 19  22  2   5   8   11  14  17  20  0  
 0   3   6   9   12  15  18  21  1   4  
 4   7   10  13  16  19  22  2   5   8  
 8   11  14  17  20  0   3   6   9   12 
 12  15  18  21  1   4   7   10  13  16 
 16  19  22  2   5   8   11  14  17  20 
 20  0   3   6   9   12  15  18  21  1  
---- 24-EDO ----
primary_step=4, secondary_step=2, num_cycles=2
 12  16  20  0   4   8   12  16  20  0  
 15  19  23  3   7   11  15  19  23  3  
 18  22  2   6   10  14  18  22  2   6  
 21  1   5   9   13  17  21  1   5   9  
 0   4   8   12  16  20  0   4   8   12 
 3   7   11  15  19  23  3   7   11  15 
 6   10  14  18  22  2   6   10  14  18 
 9   13  17  21  1   5   9   13  17  21 
 12  16  20  0   4   8   12  16  20  0  
 15  19  23  3   7   11  15  19  23  3  
---- 25-EDO ----
primary_step=5, secondary_step=0, num_cycles=5
 9   14  19  24  4   9   14  19  24  4  
 13  18  23  3   8   13  18  23  3   8  
 17  22  2   7   12  17  22  2   7   12 
 21  1   6   11  16  21  1   6   11  16 
 0   5   10  15  20  0   5   10  15  20 
 4   9   14  19  24  4   9   14  19  24 
 8   13  18  23  3   8   13  18  23  3  
 12  17  22  2   7   12  17  22  2   7  
 16  21  1   6   11  16  21  1   6   11 
 20  0   5   10  15  20  0   5   10  15 
---- 26-EDO ----
primary_step=4, secondary_step=3, num_cycles=1
 14  18  22  0   4   8   12  16  20  24 
 17  21  25  3   7   11  15  19  23  1  
 20  24  2   6   10  14  18  22  0   4  
 23  1   5   9   13  17  21  25  3   7  
 0   4   8   12  16  20  24  2   6   10 
 3   7   11  15  19  23  1   5   9   13 
 6   10  14  18  22  0   4   8   12  16 
 9   13  17  21  25  3   7   11  15  19 
 12  16  20  24  2   6   10  14  18  22 
 15  19  23  1   5   9   13  17  21  25 
---- 27-EDO ----
primary_step=5, secondary_step=1, num_cycles=1
 23  1   6   11  16  21  26  4   9   14 
 24  2   7   12  17  22  0   5   10  15 
 25  3   8   13  18  23  1   6   11  16 
 26  4   9   14  19  24  2   7   12  17 
 0   5   10  15  20  25  3   8   13  18 
 1   6   11  16  21  26  4   9   14  19 
 2   7   12  17  22  0   5   10  15  20 
 3   8   13  18  23  1   6   11  16  21 
 4   9   14  19  24  2   7   12  17  22 
 5   10  15  20  25  3   8   13  18  23 
---- 28-EDO ----
primary_step=4, secondary_step=4, num_cycles=4
 16  20  24  0   4   8   12  16  20  24 
 19  23  27  3   7   11  15  19  23  27 
 22  26  2   6   10  14  18  22  26  2  
 25  1   5   9   13  17  21  25  1   5  
 0   4   8   12  16  20  24  0   4   8  
 3   7   11  15  19  23  27  3   7   11 
 6   10  14  18  22  26  2   6   10  14 
 9   13  17  21  25  1   5   9   13  17 
 12  16  20  24  0   4   8   12  16  20 
 15  19  23  27  3   7   11  15  19  23 
---- 29-EDO ----
primary_step=5, secondary_step=2, num_cycles=1
 21  26  2   7   12  17  22  27  3   8  
 23  28  4   9   14  19  24  0   5   10 
 25  1   6   11  16  21  26  2   7   12 
 27  3   8   13  18  23  28  4   9   14 
 0   5   10  15  20  25  1   6   11  16 
 2   7   12  17  22  27  3   8   13  18 
 4   9   14  19  24  0   5   10  15  20 
 6   11  16  21  26  2   7   12  17  22 
 8   13  18  23  28  4   9   14  19  24 
 10  15  20  25  1   6   11  16  21  26 
---- 30-EDO ----
primary_step=6, secondary_step=0, num_cycles=6
 10  16  22  28  4   10  16  22  28  4  
 15  21  27  3   9   15  21  27  3   9  
 20  26  2   8   14  20  26  2   8   14 
 25  1   7   13  19  25  1   7   13  19 
 0   6   12  18  24  0   6   12  18  24 
 5   11  17  23  29  5   11  17  23  29 
 10  16  22  28  4   10  16  22  28  4  
 15  21  27  3   9   15  21  27  3   9  
 20  26  2   8   14  20  26  2   8   14 
 25  1   7   13  19  25  1   7   13  19 
---- 31-EDO ----
primary_step=5, secondary_step=3, num_cycles=1
 19  24  29  3   8   13  18  23  28  2  
 22  27  1   6   11  16  21  26  0   5  
 25  30  4   9   14  19  24  29  3   8  
 28  2   7   12  17  22  27  1   6   11 
 0   5   10  15  20  25  30  4   9   14 
 3   8   13  18  23  28  2   7   12  17 
 6   11  16  21  26  0   5   10  15  20 
 9   14  19  24  29  3   8   13  18  23 
 12  17  22  27  1   6   11  16  21  26 
 15  20  25  30  4   9   14  19  24  29 
---- 32-EDO ----
primary_step=6, secondary_step=1, num_cycles=1
 28  2   8   14  20  26  0   6   12  18 
 29  3   9   15  21  27  1   7   13  19 
 30  4   10  16  22  28  2   8   14  20 
 31  5   11  17  23  29  3   9   15  21 
 0   6   12  18  24  30  4   10  16  22 
 1   7   13  19  25  31  5   11  17  23 
 2   8   14  20  26  0   6   12  18  24 
 3   9   15  21  27  1   7   13  19  25 
 4   10  16  22  28  2   8   14  20  26 
 5   11  17  23  29  3   9   15  21  27 
---- 33-EDO ----
primary_step=5, secondary_step=4, num_cycles=1
 17  22  27  32  4   9   14  19  24  29 
 21  26  31  3   8   13  18  23  28  0  
 25  30  2   7   12  17  22  27  32  4  
 29  1   6   11  16  21  26  31  3   8  
 0   5   10  15  20  25  30  2   7   12 
 4   9   14  19  24  29  1   6   11  16 
 8   13  18  23  28  0   5   10  15  20 
 12  17  22  27  32  4   9   14  19  24 
 16  21  26  31  3   8   13  18  23  28 
 20  25  30  2   7   12  17  22  27  32 
---- 34-EDO ----
primary_step=6, secondary_step=2, num_cycles=2
 14  20  26  32  4   10  16  22  28  0  
 19  25  31  3   9   15  21  27  33  5  
 24  30  2   8   14  20  26  32  4   10 
 29  1   7   13  19  25  31  3   9   15 
 0   6   12  18  24  30  2   8   14  20 
 5   11  17  23  29  1   7   13  19  25 
 10  16  22  28  0   6   12  18  24  30 
 15  21  27  33  5   11  17  23  29  1  
 20  26  32  4   10  16  22  28  0   6  
 25  31  3   9   15  21  27  33  5   11 
---- 35-EDO ----
primary_step=5, secondary_step=5, num_cycles=5
 19  24  29  34  4   9   14  19  24  29 
 23  28  33  3   8   13  18  23  28  33 
 27  32  2   7   12  17  22  27  32  2  
 31  1   6   11  16  21  26  31  1   6  
 0   5   10  15  20  25  30  0   5   10 
 4   9   14  19  24  29  34  4   9   14 
 8   13  18  23  28  33  3   8   13  18 
 12  17  22  27  32  2   7   12  17  22 
 16  21  26  31  1   6   11  16  21  26 
 20  25  30  0   5   10  15  20  25  30 
---- 36-EDO ----
primary_step=6, secondary_step=3, num_cycles=3
 16  22  28  34  4   10  16  22  28  34 
 21  27  33  3   9   15  21  27  33  3  
 26  32  2   8   14  20  26  32  2   8  
 31  1   7   13  19  25  31  1   7   13 
 0   6   12  18  24  30  0   6   12  18 
 5   11  17  23  29  35  5   11  17  23 
 10  16  22  28  34  4   10  16  22  28 
 15  21  27  33  3   9   15  21  27  33 
 20  26  32  2   8   14  20  26  32  2  
 25  31  1   7   13  19  25  31  1   7  
---- 37-EDO ----
primary_step=7, secondary_step=1, num_cycles=1
 33  3   10  17  24  31  1   8   15  22 
 34  4   11  18  25  32  2   9   16  23 
 35  5   12  19  26  33  3   10  17  24 
 36  6   13  20  27  34  4   11  18  25 
 0   7   14  21  28  35  5   12  19  26 
 1   8   15  22  29  36  6   13  20  27 
 2   9   16  23  30  0   7   14  21  28 
 3   10  17  24  31  1   8   15  22  29 
 4   11  18  25  32  2   9   16  23  30 
 5   12  19  26  33  3   10  17  24  31 
---- 38-EDO ----
primary_step=6, secondary_step=4, num_cycles=2
 18  24  30  36  4   10  16  22  28  34 
 23  29  35  3   9   15  21  27  33  1  
 28  34  2   8   14  20  26  32  0   6  
 33  1   7   13  19  25  31  37  5   11 
 0   6   12  18  24  30  36  4   10  16 
 5   11  17  23  29  35  3   9   15  21 
 10  16  22  28  34  2   8   14  20  26 
 15  21  27  33  1   7   13  19  25  31 
 20  26  32  0   6   12  18  24  30  36 
 25  31  37  5   11  17  23  29  35  3  
---- 39-EDO ----
primary_step=7, secondary_step=2, num_cycles=1
 31  38  6   13  20  27  34  2   9   16 
 33  1   8   15  22  29  36  4   11  18 
 35  3   10  17  24  31  38  6   13  20 
 37  5   12  19  26  33  1   8   15  22 
 0   7   14  21  28  35  3   10  17  24 
 2   9   16  23  30  37  5   12  19  26 
 4   11  18  25  32  0   7   14  21  28 
 6   13  20  27  34  2   9   16  23  30 
 8   15  22  29  36  4   11  18  25  32 
 10  17  24  31  38  6   13  20  27  34 
---- 40-EDO ----
primary_step=6, secondary_step=5, num_cycles=1
 20  26  32  38  4   10  16  22  28  34 
 25  31  37  3   9   15  21  27  33  39 
 30  36  2   8   14  20  26  32  38  4  
 35  1   7   13  19  25  31  37  3   9  
 0   6   12  18  24  30  36  2   8   14 
 5   11  17  23  29  35  1   7   13  19 
 10  16  22  28  34  0   6   12  18  24 
 15  21  27  33  39  5   11  17  23  29 
 20  26  32  38  4   10  16  22  28  34 
 25  31  37  3   9   15  21  27  33  39 
---- 41-EDO ----
primary_step=7, secondary_step=3, num_cycles=1
 29  36  2   9   16  23  30  37  3   10 
 32  39  5   12  19  26  33  40  6   13 
 35  1   8   15  22  29  36  2   9   16 
 38  4   11  18  25  32  39  5   12  19 
 0   7   14  21  28  35  1   8   15  22 
 3   10  17  24  31  38  4   11  18  25 
 6   13  20  27  34  0   7   14  21  28 
 9   16  23  30  37  3   10  17  24  31 
 12  19  26  33  40  6   13  20  27  34 
 15  22  29  36  2   9   16  23  30  37 
---- 42-EDO ----
primary_step=8, secondary_step=1, num_cycles=1
 38  4   12  20  28  36  2   10  18  26 
 39  5   13  21  29  37  3   11  19  27 
 40  6   14  22  30  38  4   12  20  28 
 41  7   15  23  31  39  5   13  21  29 
 0   8   16  24  32  40  6   14  22  30 
 1   9   17  25  33  41  7   15  23  31 
 2   10  18  26  34  0   8   16  24  32 
 3   11  19  27  35  1   9   17  25  33 
 4   12  20  28  36  2   10  18  26  34 
 5   13  21  29  37  3   11  19  27  35 
---- 43-EDO ----
primary_step=7, secondary_step=4, num_cycles=1
 27  34  41  5   12  19  26  33  40  4  
 31  38  2   9   16  23  30  37  1   8  
 35  42  6   13  20  27  34  41  5   12 
 39  3   10  17  24  31  38  2   9   16 
 0   7   14  21  28  35  42  6   13  20 
 4   11  18  25  32  39  3   10  17  24 
 8   15  22  29  36  0   7   14  21  28 
 12  19  26  33  40  4   11  18  25  32 
 16  23  30  37  1   8   15  22  29  36 
 20  27  34  41  5   12  19  26  33  40 
---- 44-EDO ----
primary_step=8, secondary_step=2, num_cycles=2
 24  32  40  4   12  20  28  36  0   8  
 29  37  1   9   17  25  33  41  5   13 
 34  42  6   14  22  30  38  2   10  18 
 39  3   11  19  27  35  43  7   15  23 
 0   8   16  24  32  40  4   12  20  28 
 5   13  21  29  37  1   9   17  25  33 
 10  18  26  34  42  6   14  22  30  38 
 15  23  31  39  3   11  19  27  35  43 
 20  28  36  0   8   16  24  32  40  4  
 25  33  41  5   13  21  29  37  1   9  
---- 45-EDO ----
primary_step=7, secondary_step=5, num_cycles=1
 25  32  39  1   8   15  22  29  36  43 
 30  37  44  6   13  20  27  34  41  3  
 35  42  4   11  18  25  32  39  1   8  
 40  2   9   16  23  30  37  44  6   13 
 0   7   14  21  28  35  42  4   11  18 
 5   12  19  26  33  40  2   9   16  23 
 10  17  24  31  38  0   7   14  21  28 
 15  22  29  36  43  5   12  19  26  33 
 20  27  34  41  3   10  17  24  31  38 
 25  32  39  1   8   15  22  29  36  43 
---- 46-EDO ----
primary_step=8, secondary_step=3, num_cycles=1
 34  42  4   12  20  28  36  44  6   14 
 37  45  7   15  23  31  39  1   9   17 
 40  2   10  18  26  34  42  4   12  20 
 43  5   13  21  29  37  45  7   15  23 
 0   8   16  24  32  40  2   10  18  26 
 3   11  19  27  35  43  5   13  21  29 
 6   14  22  30  38  0   8   16  24  32 
 9   17  25  33  41  3   11  19  27  35 
 12  20  28  36  44  6   14  22  30  38 
 15  23  31  39  1   9   17  25  33  41 
---- 47-EDO ----
primary_step=7, secondary_step=6, num_cycles=1
 23  30  37  44  4   11  18  25  32  39 
 29  36  43  3   10  17  24  31  38  45 
 35  42  2   9   16  23  30  37  44  4  
 41  1   8   15  22  29  36  43  3   10 
 0   7   14  21  28  35  42  2   9   16 
 6   13  20  27  34  41  1   8   15  22 
 12  19  26  33  40  0   7   14  21  28 
 18  25  32  39  46  6   13  20  27  34 
 24  31  38  45  5   12  19  26  33  40 
 30  37  44  4   11  18  25  32  39  46 
---- 48-EDO ----
primary_step=8, secondary_step=4, num_cycles=4
 20  28  36  44  4   12  20  28  36  44 
 27  35  43  3   11  19  27  35  43  3  
 34  42  2   10  18  26  34  42  2   10 
 41  1   9   17  25  33  41  1   9   17 
 0   8   16  24  32  40  0   8   16  24 
 7   15  23  31  39  47  7   15  23  31 
 14  22  30  38  46  6   14  22  30  38 
 21  29  37  45  5   13  21  29  37  45 
 28  36  44  4   12  20  28  36  44  4  
 35  43  3   11  19  27  35  43  3   11 
---- 49-EDO ----
primary_step=9, secondary_step=2, num_cycles=1
 41  1   10  19  28  37  46  6   15  24 
 43  3   12  21  30  39  48  8   17  26 
 45  5   14  23  32  41  1   10  19  28 
 47  7   16  25  34  43  3   12  21  30 
 0   9   18  27  36  45  5   14  23  32 
 2   11  20  29  38  47  7   16  25  34 
 4   13  22  31  40  0   9   18  27  36 
 6   15  24  33  42  2   11  20  29  38 
 8   17  26  35  44  4   13  22  31  40 
 10  19  28  37  46  6   15  24  33  42 
---- 50-EDO ----
primary_step=8, secondary_step=5, num_cycles=1
 30  38  46  4   12  20  28  36  44  2  
 35  43  1   9   17  25  33  41  49  7  
 40  48  6   14  22  30  38  46  4   12 
 45  3   11  19  27  35  43  1   9   17 
 0   8   16  24  32  40  48  6   14  22 
 5   13  21  29  37  45  3   11  19  27 
 10  18  26  34  42  0   8   16  24  32 
 15  23  31  39  47  5   13  21  29  37 
 20  28  36  44  2   10  18  26  34  42 
 25  33  41  49  7   15  23  31  39  47 
---- 51-EDO ----
primary_step=9, secondary_step=3, num_cycles=3
 23  32  41  50  8   17  26  35  44  2  
 30  39  48  6   15  24  33  42  0   9  
 37  46  4   13  22  31  40  49  7   16 
 44  2   11  20  29  38  47  5   14  23 
 0   9   18  27  36  45  3   12  21  30 
 7   16  25  34  43  1   10  19  28  37 
 14  23  32  41  50  8   17  26  35  44 
 21  30  39  48  6   15  24  33  42  0  
 28  37  46  4   13  22  31  40  49  7  
 35  44  2   11  20  29  38  47  5   14 
---- 52-EDO ----
primary_step=8, secondary_step=6, num_cycles=2
 24  32  40  48  4   12  20  28  36  44 
 31  39  47  3   11  19  27  35  43  51 
 38  46  2   10  18  26  34  42  50  6  
 45  1   9   17  25  33  41  49  5   13 
 0   8   16  24  32  40  48  4   12  20 
 7   15  23  31  39  47  3   11  19  27 
 14  22  30  38  46  2   10  18  26  34 
 21  29  37  45  1   9   17  25  33  41 
 28  36  44  0   8   16  24  32  40  48 
 35  43  51  7   15  23  31  39  47  3  
---- 53-EDO ----
primary_step=9, secondary_step=4, num_cycles=1
 37  46  2   11  20  29  38  47  3   12 
 41  50  6   15  24  33  42  51  7   16 
 45  1   10  19  28  37  46  2   11  20 
 49  5   14  23  32  41  50  6   15  24 
 0   9   18  27  36  45  1   10  19  28 
 4   13  22  31  40  49  5   14  23  32 
 8   17  26  35  44  0   9   18  27  36 
 12  21  30  39  48  4   13  22  31  40 
 16  25  34  43  52  8   17  26  35  44 
 20  29  38  47  3   12  21  30  39  48 
---- 54-EDO ----
primary_step=10, secondary_step=2, num_cycles=2
 18  28  38  48  4   14  24  34  44  0  
 27  37  47  3   13  23  33  43  53  9  
 36  46  2   12  22  32  42  52  8   18 
 45  1   11  21  31  41  51  7   17  27 
 0   10  20  30  40  50  6   16  26  36 
 9   19  29  39  49  5   15  25  35  45 
 18  28  38  48  4   14  24  34  44  0  
 27  37  47  3   13  23  33  43  53  9  
 36  46  2   12  22  32  42  52  8   18 
 45  1   11  21  31  41  51  7   17  27 
---- 55-EDO ----
primary_step=9, secondary_step=5, num_cycles=1
 35  44  53  7   16  25  34  43  52  6  
 40  49  3   12  21  30  39  48  2   11 
 45  54  8   17  26  35  44  53  7   16 
 50  4   13  22  31  40  49  3   12  21 
 0   9   18  27  36  45  54  8   17  26 
 5   14  23  32  41  50  4   13  22  31 
 10  19  28  37  46  0   9   18  27  36 
 15  24  33  42  51  5   14  23  32  41 
 20  29  38  47  1   10  19  28  37  46 
 25  34  43  52  6   15  24  33  42  51 
---- 56-EDO ----
primary_step=10, secondary_step=3, num_cycles=1
 44  54  8   18  28  38  48  2   12  22 
 47  1   11  21  31  41  51  5   15  25 
 50  4   14  24  34  44  54  8   18  28 
 53  7   17  27  37  47  1   11  21  31 
 0   10  20  30  40  50  4   14  24  34 
 3   13  23  33  43  53  7   17  27  37 
 6   16  26  36  46  0   10  20  30  40 
 9   19  29  39  49  3   13  23  33  43 
 12  22  32  42  52  6   16  26  36  46 
 15  25  35  45  55  9   19  29  39  49 
---- 57-EDO ----
primary_step=9, secondary_step=6, num_cycles=3
 25  34  43  52  4   13  22  31  40  49 
 33  42  51  3   12  21  30  39  48  0  
 41  50  2   11  20  29  38  47  56  8  
 49  1   10  19  28  37  46  55  7   16 
 0   9   18  27  36  45  54  6   15  24 
 8   17  26  35  44  53  5   14  23  32 
 16  25  34  43  52  4   13  22  31  40 
 24  33  42  51  3   12  21  30  39  48 
 32  41  50  2   11  20  29  38  47  56 
 40  49  1   10  19  28  37  46  55  7  
---- 58-EDO ----
primary_step=10, secondary_step=4, num_cycles=2
 30  40  50  2   12  22  32  42  52  4  
 37  47  57  9   19  29  39  49  1   11 
 44  54  6   16  26  36  46  56  8   18 
 51  3   13  23  33  43  53  5   15  25 
 0   10  20  30  40  50  2   12  22  32 
 7   17  27  37  47  57  9   19  29  39 
 14  24  34  44  54  6   16  26  36  46 
 21  31  41  51  3   13  23  33  43  53 
 28  38  48  0   10  20  30  40  50  2  
 35  45  55  7   17  27  37  47  57  9  
---- 59-EDO ----
primary_step=11, secondary_step=2, num_cycles=1
 51  3   14  25  36  47  58  10  21  32 
 53  5   16  27  38  49  1   12  23  34 
 55  7   18  29  40  51  3   14  25  36 
 57  9   20  31  42  53  5   16  27  38 
 0   11  22  33  44  55  7   18  29  40 
 2   13  24  35  46  57  9   20  31  42 
 4   15  26  37  48  0   11  22  33  44 
 6   17  28  39  50  2   13  24  35  46 
 8   19  30  41  52  4   15  26  37  48 
 10  21  32  43  54  6   17  28  39  50 
---- 60-EDO ----
primary_step=10, secondary_step=5, num_cycles=5
 24  34  44  54  4   14  24  34  44  54 
 33  43  53  3   13  23  33  43  53  3  
 42  52  2   12  22  32  42  52  2   12 
 51  1   11  21  31  41  51  1   11  21 
 0   10  20  30  40  50  0   10  20  30 
 9   19  29  39  49  59  9   19  29  39 
 18  28  38  48  58  8   18  28  38  48 
 27  37  47  57  7   17  27  37  47  57 
 36  46  56  6   16  26  36  46  56  6  
 45  55  5   15  25  35  45  55  5   15 
---- 61-EDO ----
primary_step=11, secondary_step=3, num_cycles=1
 49  60  10  21  32  43  54  4   15  26 
 52  2   13  24  35  46  57  7   18  29 
 55  5   16  27  38  49  60  10  21  32 
 58  8   19  30  41  52  2   13  24  35 
 0   11  22  33  44  55  5   16  27  38 
 3   14  25  36  47  58  8   19  30  41 
 6   17  28  39  50  0   11  22  33  44 
 9   20  31  42  53  3   14  25  36  47 
 12  23  34  45  56  6   17  28  39  50 
 15  26  37  48  59  9   20  31  42  53 
---- 62-EDO ----
primary_step=10, secondary_step=6, num_cycles=2
 26  36  46  56  4   14  24  34  44  54 
 35  45  55  3   13  23  33  43  53  1  
 44  54  2   12  22  32  42  52  0   10 
 53  1   11  21  31  41  51  61  9   19 
 0   10  20  30  40  50  60  8   18  28 
 9   19  29  39  49  59  7   17  27  37 
 18  28  38  48  58  6   16  26  36  46 
 27  37  47  57  5   15  25  35  45  55 
 36  46  56  4   14  24  34  44  54  2  
 45  55  3   13  23  33  43  53  1   11 
---- 63-EDO ----
primary_step=11, secondary_step=4, num_cycles=1
 47  58  6   17  28  39  50  61  9   20 
 51  62  10  21  32  43  54  2   13  24 
 55  3   14  25  36  47  58  6   17  28 
 59  7   18  29  40  51  62  10  21  32 
 0   11  22  33  44  55  3   14  25  36 
 4   15  26  37  48  59  7   18  29  40 
 8   19  30  41  52  0   11  22  33  44 
 12  23  34  45  56  4   15  26  37  48 
 16  27  38  49  60  8   19  30  41  52 
 20  31  42  53  1   12  23  34  45  56 
---- 64-EDO ----
primary_step=10, secondary_step=7, num_cycles=1
 36  46  56  2   12  22  32  42  52  62 
 43  53  63  9   19  29  39  49  59  5  
 50  60  6   16  26  36  46  56  2   12 
 57  3   13  23  33  43  53  63  9   19 
 0   10  20  30  40  50  60  6   16  26 
 7   17  27  37  47  57  3   13  23  33 
 14  24  34  44  54  0   10  20  30  40 
 21  31  41  51  61  7   17  27  37  47 
 28  38  48  58  4   14  24  34  44  54 
 35  45  55  1   11  21  31  41  51  61 
---- 65-EDO ----
primary_step=11, secondary_step=5, num_cycles=1
 45  56  2   13  24  35  46  57  3   14 
 50  61  7   18  29  40  51  62  8   19 
 55  1   12  23  34  45  56  2   13  24 
 60  6   17  28  39  50  61  7   18  29 
 0   11  22  33  44  55  1   12  23  34 
 5   16  27  38  49  60  6   17  28  39 
 10  21  32  43  54  0   11  22  33  44 
 15  26  37  48  59  5   16  27  38  49 
 20  31  42  53  64  10  21  32  43  54 
 25  36  47  58  4   15  26  37  48  59 
---- 66-EDO ----
primary_step=12, secondary_step=3, num_cycles=3
 22  34  46  58  4   16  28  40  52  64 
 33  45  57  3   15  27  39  51  63  9  
 44  56  2   14  26  38  50  62  8   20 
 55  1   13  25  37  49  61  7   19  31 
 0   12  24  36  48  60  6   18  30  42 
 11  23  35  47  59  5   17  29  41  53 
 22  34  46  58  4   16  28  40  52  64 
 33  45  57  3   15  27  39  51  63  9  
 44  56  2   14  26  38  50  62  8   20 
 55  1   13  25  37  49  61  7   19  31 
---- 67-EDO ----
primary_step=11, secondary_step=6, num_cycles=1
 43  54  65  9   20  31  42  53  64  8  
 49  60  4   15  26  37  48  59  3   14 
 55  66  10  21  32  43  54  65  9   20 
 61  5   16  27  38  49  60  4   15  26 
 0   11  22  33  44  55  66  10  21  32 
 6   17  28  39  50  61  5   16  27  38 
 12  23  34  45  56  0   11  22  33  44 
 18  29  40  51  62  6   17  28  39  50 
 24  35  46  57  1   12  23  34  45  56 
 30  41  52  63  7   18  29  40  51  62 
---- 68-EDO ----
primary_step=12, secondary_step=4, num_cycles=4
 24  36  48  60  4   16  28  40  52  64 
 35  47  59  3   15  27  39  51  63  7  
 46  58  2   14  26  38  50  62  6   18 
 57  1   13  25  37  49  61  5   17  29 
 0   12  24  36  48  60  4   16  28  40 
 11  23  35  47  59  3   15  27  39  51 
 22  34  46  58  2   14  26  38  50  62 
 33  45  57  1   13  25  37  49  61  5  
 44  56  0   12  24  36  48  60  4   16 
 55  67  11  23  35  47  59  3   15  27 
---- 69-EDO ----
primary_step=11, secondary_step=7, num_cycles=1
 41  52  63  5   16  27  38  49  60  2  
 48  59  1   12  23  34  45  56  67  9  
 55  66  8   19  30  41  52  63  5   16 
 62  4   15  26  37  48  59  1   12  23 
 0   11  22  33  44  55  66  8   19  30 
 7   18  29  40  51  62  4   15  26  37 
 14  25  36  47  58  0   11  22  33  44 
 21  32  43  54  65  7   18  29  40  51 
 28  39  50  61  3   14  25  36  47  58 
 35  46  57  68  10  21  32  43  54  65 
---- 70-EDO ----
primary_step=12, secondary_step=5, num_cycles=1
 50  62  4   16  28  40  52  64  6   18 
 55  67  9   21  33  45  57  69  11  23 
 60  2   14  26  38  50  62  4   16  28 
 65  7   19  31  43  55  67  9   21  33 
 0   12  24  36  48  60  2   14  26  38 
 5   17  29  41  53  65  7   19  31  43 
 10  22  34  46  58  0   12  24  36  48 
 15  27  39  51  63  5   17  29  41  53 
 20  32  44  56  68  10  22  34  46  58 
 25  37  49  61  3   15  27  39  51  63 
---- 71-EDO ----
primary_step=13, secondary_step=3, num_cycles=1
 59  1   14  27  40  53  66  8   21  34 
 62  4   17  30  43  56  69  11  24  37 
 65  7   20  33  46  59  1   14  27  40 
 68  10  23  36  49  62  4   17  30  43 
 0   13  26  39  52  65  7   20  33  46 
 3   16  29  42  55  68  10  23  36  49 
 6   19  32  45  58  0   13  26  39  52 
 9   22  35  48  61  3   16  29  42  55 
 12  25  38  51  64  6   19  32  45  58 
 15  28  41  54  67  9   22  35  48  61 
---- 72-EDO ----
primary_step=12, secondary_step=6, num_cycles=6
 28  40  52  64  4   16  28  40  52  64 
 39  51  63  3   15  27  39  51  63  3  
 50  62  2   14  26  38  50  62  2   14 
 61  1   13  25  37  49  61  1   13  25 
 0   12  24  36  48  60  0   12  24  36 
 11  23  35  47  59  71  11  23  35  47 
 22  34  46  58  70  10  22  34  46  58 
 33  45  57  69  9   21  33  45  57  69 
 44  56  68  8   20  32  44  56  68  8  
 55  67  7   19  31  43  55  67  7   19 
---- 73-EDO ----
primary_step=13, secondary_step=4, num_cycles=1
 57  70  10  23  36  49  62  2   15  28 
 61  1   14  27  40  53  66  6   19  32 
 65  5   18  31  44  57  70  10  23  36 
 69  9   22  35  48  61  1   14  27  40 
 0   13  26  39  52  65  5   18  31  44 
 4   17  30  43  56  69  9   22  35  48 
 8   21  34  47  60  0   13  26  39  52 
 12  25  38  51  64  4   17  30  43  56 
 16  29  42  55  68  8   21  34  47  60 
 20  33  46  59  72  12  25  38  51  64 
---- 74-EDO ----
primary_step=12, secondary_step=7, num_cycles=1
 46  58  70  8   20  32  44  56  68  6  
 53  65  3   15  27  39  51  63  1   13 
 60  72  10  22  34  46  58  70  8   20 
 67  5   17  29  41  53  65  3   15  27 
 0   12  24  36  48  60  72  10  22  34 
 7   19  31  43  55  67  5   17  29  41 
 14  26  38  50  62  0   12  24  36  48 
 21  33  45  57  69  7   19  31  43  55 
 28  40  52  64  2   14  26  38  50  62 
 35  47  59  71  9   21  33  45  57  69 
---- 75-EDO ----
primary_step=13, secondary_step=5, num_cycles=1
 55  68  6   19  32  45  58  71  9   22 
 60  73  11  24  37  50  63  1   14  27 
 65  3   16  29  42  55  68  6   19  32 
 70  8   21  34  47  60  73  11  24  37 
 0   13  26  39  52  65  3   16  29  42 
 5   18  31  44  57  70  8   21  34  47 
 10  23  36  49  62  0   13  26  39  52 
 15  28  41  54  67  5   18  31  44  57 
 20  33  46  59  72  10  23  36  49  62 
 25  38  51  64  2   15  28  41  54  67 
---- 76-EDO ----
primary_step=12, secondary_step=8, num_cycles=4
 32  44  56  68  4   16  28  40  52  64 
 43  55  67  3   15  27  39  51  63  75 
 54  66  2   14  26  38  50  62  74  10 
 65  1   13  25  37  49  61  73  9   21 
 0   12  24  36  48  60  72  8   20  32 
 11  23  35  47  59  71  7   19  31  43 
 22  34  46  58  70  6   18  30  42  54 
 33  45  57  69  5   17  29  41  53  65 
 44  56  68  4   16  28  40  52  64  0  
 55  67  3   15  27  39  51  63  75  11 
---- 77-EDO ----
primary_step=13, secondary_step=6, num_cycles=1
 53  66  2   15  28  41  54  67  3   16 
 59  72  8   21  34  47  60  73  9   22 
 65  1   14  27  40  53  66  2   15  28 
 71  7   20  33  46  59  72  8   21  34 
 0   13  26  39  52  65  1   14  27  40 
 6   19  32  45  58  71  7   20  33  46 
 12  25  38  51  64  0   13  26  39  52 
 18  31  44  57  70  6   19  32  45  58 
 24  37  50  63  76  12  25  38  51  64 
 30  43  56  69  5   18  31  44  57  70 
---- 78-EDO ----
primary_step=14, secondary_step=4, num_cycles=2
 42  56  70  6   20  34  48  62  76  12 
 51  65  1   15  29  43  57  71  7   21 
 60  74  10  24  38  52  66  2   16  30 
 69  5   19  33  47  61  75  11  25  39 
 0   14  28  42  56  70  6   20  34  48 
 9   23  37  51  65  1   15  29  43  57 
 18  32  46  60  74  10  24  38  52  66 
 27  41  55  69  5   19  33  47  61  75 
 36  50  64  0   14  28  42  56  70  6  
 45  59  73  9   23  37  51  65  1   15 
---- 79-EDO ----
primary_step=13, secondary_step=7, num_cycles=1
 51  64  77  11  24  37  50  63  76  10 
 58  71  5   18  31  44  57  70  4   17 
 65  78  12  25  38  51  64  77  11  24 
 72  6   19  32  45  58  71  5   18  31 
 0   13  26  39  52  65  78  12  25  38 
 7   20  33  46  59  72  6   19  32  45 
 14  27  40  53  66  0   13  26  39  52 
 21  34  47  60  73  7   20  33  46  59 
 28  41  54  67  1   14  27  40  53  66 
 35  48  61  74  8   21  34  47  60  73 
---- 80-EDO ----
primary_step=14, secondary_step=5, num_cycles=1
 60  74  8   22  36  50  64  78  12  26 
 65  79  13  27  41  55  69  3   17  31 
 70  4   18  32  46  60  74  8   22  36 
 75  9   23  37  51  65  79  13  27  41 
 0   14  28  42  56  70  4   18  32  46 
 5   19  33  47  61  75  9   23  37  51 
 10  24  38  52  66  0   14  28  42  56 
 15  29  43  57  71  5   19  33  47  61 
 20  34  48  62  76  10  24  38  52  66 
 25  39  53  67  1   15  29  43  57  71 
---- 81-EDO ----
primary_step=13, secondary_step=8, num_cycles=1
 49  62  75  7   20  33  46  59  72  4  
 57  70  2   15  28  41  54  67  80  12 
 65  78  10  23  36  49  62  75  7   20 
 73  5   18  31  44  57  70  2   15  28 
 0   13  26  39  52  65  78  10  23  36 
 8   21  34  47  60  73  5   18  31  44 
 16  29  42  55  68  0   13  26  39  52 
 24  37  50  63  76  8   21  34  47  60 
 32  45  58  71  3   16  29  42  55  68 
 40  53  66  79  11  24  37  50  63  76 
---- 82-EDO ----
primary_step=14, secondary_step=6, num_cycles=2
 30  44  58  72  4   18  32  46  60  74 
 43  57  71  3   17  31  45  59  73  5  
 56  70  2   16  30  44  58  72  4   18 
 69  1   15  29  43  57  71  3   17  31 
 0   14  28  42  56  70  2   16  30  44 
 13  27  41  55  69  1   15  29  43  57 
 26  40  54  68  0   14  28  42  56  70 
 39  53  67  81  13  27  41  55  69  1  
 52  66  80  12  26  40  54  68  0   14 
 65  79  11  25  39  53  67  81  13  27 
---- 83-EDO ----
primary_step=15, secondary_step=4, num_cycles=1
 67  82  14  29  44  59  74  6   21  36 
 71  3   18  33  48  63  78  10  25  40 
 75  7   22  37  52  67  82  14  29  44 
 79  11  26  41  56  71  3   18  33  48 
 0   15  30  45  60  75  7   22  37  52 
 4   19  34  49  64  79  11  26  41  56 
 8   23  38  53  68  0   15  30  45  60 
 12  27  42  57  72  4   19  34  49  64 
 16  31  46  61  76  8   23  38  53  68 
 20  35  50  65  80  12  27  42  57  72 
---- 84-EDO ----
primary_step=14, secondary_step=7, num_cycles=7
 32  46  60  74  4   18  32  46  60  74 
 45  59  73  3   17  31  45  59  73  3  
 58  72  2   16  30  44  58  72  2   16 
 71  1   15  29  43  57  71  1   15  29 
 0   14  28  42  56  70  0   14  28  42 
 13  27  41  55  69  83  13  27  41  55 
 26  40  54  68  82  12  26  40  54  68 
 39  53  67  81  11  25  39  53  67  81 
 52  66  80  10  24  38  52  66  80  10 
 65  79  9   23  37  51  65  79  9   23 
---- 85-EDO ----
primary_step=15, secondary_step=5, num_cycles=5
 33  48  63  78  8   23  38  53  68  83 
 46  61  76  6   21  36  51  66  81  11 
 59  74  4   19  34  49  64  79  9   24 
 72  2   17  32  47  62  77  7   22  37 
 0   15  30  45  60  75  5   20  35  50 
 13  28  43  58  73  3   18  33  48  63 
 26  41  56  71  1   16  31  46  61  76 
 39  54  69  84  14  29  44  59  74  4  
 52  67  82  12  27  42  57  72  2   17 
 65  80  10  25  40  55  70  0   15  30 
---- 86-EDO ----
primary_step=14, secondary_step=8, num_cycles=2
 42  56  70  84  12  26  40  54  68  82 
 53  67  81  9   23  37  51  65  79  7  
 64  78  6   20  34  48  62  76  4   18 
 75  3   17  31  45  59  73  1   15  29 
 0   14  28  42  56  70  84  12  26  40 
 11  25  39  53  67  81  9   23  37  51 
 22  36  50  64  78  6   20  34  48  62 
 33  47  61  75  3   17  31  45  59  73 
 44  58  72  0   14  28  42  56  70  84 
 55  69  83  11  25  39  53  67  81  9  
---- 87-EDO ----
primary_step=15, secondary_step=6, num_cycles=3
 31  46  61  76  4   19  34  49  64  79 
 45  60  75  3   18  33  48  63  78  6  
 59  74  2   17  32  47  62  77  5   20 
 73  1   16  31  46  61  76  4   19  34 
 0   15  30  45  60  75  3   18  33  48 
 14  29  44  59  74  2   17  32  47  62 
 28  43  58  73  1   16  31  46  61  76 
 42  57  72  0   15  30  45  60  75  3  
 56  71  86  14  29  44  59  74  2   17 
 70  85  13  28  43  58  73  1   16  31 
---- 88-EDO ----
primary_step=14, secondary_step=9, num_cycles=1
 52  66  80  6   20  34  48  62  76  2  
 61  75  1   15  29  43  57  71  85  11 
 70  84  10  24  38  52  66  80  6   20 
 79  5   19  33  47  61  75  1   15  29 
 0   14  28  42  56  70  84  10  24  38 
 9   23  37  51  65  79  5   19  33  47 
 18  32  46  60  74  0   14  28  42  56 
 27  41  55  69  83  9   23  37  51  65 
 36  50  64  78  4   18  32  46  60  74 
 45  59  73  87  13  27  41  55  69  83 
---- 89-EDO ----
primary_step=15, secondary_step=7, num_cycles=1
 61  76  2   17  32  47  62  77  3   18 
 68  83  9   24  39  54  69  84  10  25 
 75  1   16  31  46  61  76  2   17  32 
 82  8   23  38  53  68  83  9   24  39 
 0   15  30  45  60  75  1   16  31  46 
 7   22  37  52  67  82  8   23  38  53 
 14  29  44  59  74  0   15  30  45  60 
 21  36  51  66  81  7   22  37  52  67 
 28  43  58  73  88  14  29  44  59  74 
 35  50  65  80  6   21  36  51  66  81 
---- 90-EDO ----
primary_step=16, secondary_step=5, num_cycles=1
 70  86  12  28  44  60  76  2   18  34 
 75  1   17  33  49  65  81  7   23  39 
 80  6   22  38  54  70  86  12  28  44 
 85  11  27  43  59  75  1   17  33  49 
 0   16  32  48  64  80  6   22  38  54 
 5   21  37  53  69  85  11  27  43  59 
 10  26  42  58  74  0   16  32  48  64 
 15  31  47  63  79  5   21  37  53  69 
 20  36  52  68  84  10  26  42  58  74 
 25  41  57  73  89  15  31  47  63  79 
---- 91-EDO ----
primary_step=15, secondary_step=8, num_cycles=1
 59  74  89  13  28  43  58  73  88  12 
 67  82  6   21  36  51  66  81  5   20 
 75  90  14  29  44  59  74  89  13  28 
 83  7   22  37  52  67  82  6   21  36 
 0   15  30  45  60  75  90  14  29  44 
 8   23  38  53  68  83  7   22  37  52 
 16  31  46  61  76  0   15  30  45  60 
 24  39  54  69  84  8   23  38  53  68 
 32  47  62  77  1   16  31  46  61  76 
 40  55  70  85  9   24  39  54  69  84 
---- 92-EDO ----
primary_step=16, secondary_step=6, num_cycles=2
 48  64  80  4   20  36  52  68  84  8  
 59  75  91  15  31  47  63  79  3   19 
 70  86  10  26  42  58  74  90  14  30 
 81  5   21  37  53  69  85  9   25  41 
 0   16  32  48  64  80  4   20  36  52 
 11  27  43  59  75  91  15  31  47  63 
 22  38  54  70  86  10  26  42  58  74 
 33  49  65  81  5   21  37  53  69  85 
 44  60  76  0   16  32  48  64  80  4  
 55  71  87  11  27  43  59  75  91  15 
---- 93-EDO ----
primary_step=15, secondary_step=9, num_cycles=3
 41  56  71  86  8   23  38  53  68  83 
 54  69  84  6   21  36  51  66  81  3  
 67  82  4   19  34  49  64  79  1   16 
 80  2   17  32  47  62  77  92  14  29 
 0   15  30  45  60  75  90  12  27  42 
 13  28  43  58  73  88  10  25  40  55 
 26  41  56  71  86  8   23  38  53  68 
 39  54  69  84  6   21  36  51  66  81 
 52  67  82  4   19  34  49  64  79  1  
 65  80  2   17  32  47  62  77  92  14 
---- 94-EDO ----
primary_step=16, secondary_step=7, num_cycles=1
 66  82  4   20  36  52  68  84  6   22 
 73  89  11  27  43  59  75  91  13  29 
 80  2   18  34  50  66  82  4   20  36 
 87  9   25  41  57  73  89  11  27  43 
 0   16  32  48  64  80  2   18  34  50 
 7   23  39  55  71  87  9   25  41  57 
 14  30  46  62  78  0   16  32  48  64 
 21  37  53  69  85  7   23  39  55  71 
 28  44  60  76  92  14  30  46  62  78 
 35  51  67  83  5   21  37  53  69  85 
---- 95-EDO ----
primary_step=17, secondary_step=5, num_cycles=1
 75  92  14  31  48  65  82  4   21  38 
 80  2   19  36  53  70  87  9   26  43 
 85  7   24  41  58  75  92  14  31  48 
 90  12  29  46  63  80  2   19  36  53 
 0   17  34  51  68  85  7   24  41  58 
 5   22  39  56  73  90  12  29  46  63 
 10  27  44  61  78  0   17  34  51  68 
 15  32  49  66  83  5   22  39  56  73 
 20  37  54  71  88  10  27  44  61  78 
 25  42  59  76  93  15  32  49  66  83 
---- 96-EDO ----
primary_step=16, secondary_step=8, num_cycles=8
 36  52  68  84  4   20  36  52  68  84 
 51  67  83  3   19  35  51  67  83  3  
 66  82  2   18  34  50  66  82  2   18 
 81  1   17  33  49  65  81  1   17  33 
 0   16  32  48  64  80  0   16  32  48 
 15  31  47  63  79  95  15  31  47  63 
 30  46  62  78  94  14  30  46  62  78 
 45  61  77  93  13  29  45  61  77  93 
 60  76  92  12  28  44  60  76  92  12 
 75  91  11  27  43  59  75  91  11  27 
---- 97-EDO ----
primary_step=17, secondary_step=6, num_cycles=1
 73  90  10  27  44  61  78  95  15  32 
 79  96  16  33  50  67  84  4   21  38 
 85  5   22  39  56  73  90  10  27  44 
 91  11  28  45  62  79  96  16  33  50 
 0   17  34  51  68  85  5   22  39  56 
 6   23  40  57  74  91  11  28  45  62 
 12  29  46  63  80  0   17  34  51  68 
 18  35  52  69  86  6   23  40  57  74 
 24  41  58  75  92  12  29  46  63  80 
 30  47  64  81  1   18  35  52  69  86 
---- 98-EDO ----
primary_step=16, secondary_step=9, num_cycles=1
 62  78  94  12  28  44  60  76  92  10 
 71  87  5   21  37  53  69  85  3   19 
 80  96  14  30  46  62  78  94  12  28 
 89  7   23  39  55  71  87  5   21  37 
 0   16  32  48  64  80  96  14  30  46 
 9   25  41  57  73  89  7   23  39  55 
 18  34  50  66  82  0   16  32  48  64 
 27  43  59  75  91  9   25  41  57  73 
 36  52  68  84  2   18  34  50  66  82 
 45  61  77  93  11  27  43  59  75  91 
---- 99-EDO ----
primary_step=17, secondary_step=7, num_cycles=1
 71  88  6   23  40  57  74  91  9   26 
 78  95  13  30  47  64  81  98  16  33 
 85  3   20  37  54  71  88  6   23  40 
 92  10  27  44  61  78  95  13  30  47 
 0   17  34  51  68  85  3   20  37  54 
 7   24  41  58  75  92  10  27  44  61 
 14  31  48  65  82  0   17  34  51  68 
 21  38  55  72  89  7   24  41  58  75 
 28  45  62  79  96  14  31  48  65  82 
 35  52  69  86  4   21  38  55  72  89 
