---- 2-EDO (Meantone[7]) ----
primary_step=0, secondary_step=1, sharpness=-1, num_cycles=1
   0   0   0   0   0   0   0   0   0   0
   1   1   1   1   1   1   1   1   1   1
   0   0   0   0   0   0   0   0   0   0
   1   1   1   1   1   1   1   1   1   1
   0   0   0   0   0   0   0   0   0   0
   1   1   1   1   1   1   1   1   1   1
   0   0   0   0   0   0   0   0   0   0
   1   1   1   1   1   1   1   1   1   1
   0   0   0   0   0   0   0   0   0   0
   1   1   1   1   1   1   1   1   1   1
   0   0   0   0   0   0   0   0   0   0
---- 2-EDO (Mavila[9]) ----
primary_step=0, secondary_step=1, sharpness=-1, num_cycles=1
   0   0   0   0   0   0   0   0   0   0
   1   1   1   1   1   1   1   1   1   1
   0   0   0   0   0   0   0   0   0   0
   1   1   1   1   1   1   1   1   1   1
   0   0   0   0   0   0   0   0   0   0
   1   1   1   1   1   1   1   1   1   1
   0   0   0   0   0   0   0   0   0   0
   1   1   1   1   1   1   1   1   1   1
   0   0   0   0   0   0   0   0   0   0
   1   1   1   1   1   1   1   1   1   1
   0   0   0   0   0   0   0   0   0   0
---- 4-EDO (Meantone[7]) ----
primary_step=0, secondary_step=2, sharpness=-2, num_cycles=2
   0   0   0   0   0   0   0   0   0   0
   1   1   1   1   1   1   1   1   1   1
   1   1   1   1   1   1   1   1   1   1
   0   0   0   0   0   0   0   0   0   0
   0   0   0   0   0   0   0   0   0   0
   1   1   1   1   1   1   1   1   1   1
   1   1   1   1   1   1   1   1   1   1
   0   0   0   0   0   0   0   0   0   0
   0   0   0   0   0   0   0   0   0   0
   1   1   1   1   1   1   1   1   1   1
   1   1   1   1   1   1   1   1   1   1
---- 4-EDO (Mavila[9]) ----
primary_step=0, secondary_step=2, sharpness=-2, num_cycles=2
   0   0   0   0   0   0   0   0   0   0
   1   1   1   1   1   1   1   1   1   1
   1   1   1   1   1   1   1   1   1   1
   0   0   0   0   0   0   0   0   0   0
   0   0   0   0   0   0   0   0   0   0
   1   1   1   1   1   1   1   1   1   1
   1   1   1   1   1   1   1   1   1   1
   0   0   0   0   0   0   0   0   0   0
   0   0   0   0   0   0   0   0   0   0
   1   1   1   1   1   1   1   1   1   1
   1   1   1   1   1   1   1   1   1   1
---- 5-EDO (Meantone[7]) ----
primary_step=1, secondary_step=0, sharpness=1, num_cycles=1
   1   0   0   0   0   1   0   0   0   0
   1   0   0   0   0   1   0   0   0   0
   1   0   0   0   0   1   0   0   0   0
   1   0   0   0   0   1   0   0   0   0
   1   0   0   0   0   1   0   0   0   0
   1   0   0   0   0   1   0   0   0   0
   1   0   0   0   0   1   0   0   0   0
   1   0   0   0   0   1   0   0   0   0
   1   0   0   0   0   1   0   0   0   0
   1   0   0   0   0   1   0   0   0   0
   1   0   0   0   0   1   0   0   0   0
---- 6b-EDO (Porcupine[7]) ----
primary_step=1, secondary_step=0, sharpness=1, num_cycles=1
   1   0   0   0   0   0   1   0   0   0
   1   0   0   0   0   0   1   0   0   0
   1   0   0   0   0   0   1   0   0   0
   1   0   0   0   0   0   1   0   0   0
   1   0   0   0   0   0   1   0   0   0
   1   0   0   0   0   0   1   0   0   0
   1   0   0   0   0   0   1   0   0   0
   1   0   0   0   0   0   1   0   0   0
   1   0   0   0   0   0   1   0   0   0
   1   0   0   0   0   0   1   0   0   0
   1   0   0   0   0   0   1   0   0   0
---- 6b-EDO (Meantone[7]) ----
primary_step=0, secondary_step=3, sharpness=-3, num_cycles=3
   1   1   1   1   1   1   1   1   1   1
   1   1   1   1   1   1   1   1   1   1
   0   0   0   0   0   0   0   0   0   0
   0   0   0   0   0   0   0   0   0   0
   0   0   0   0   0   0   0   0   0   0
   1   1   1   1   1   1   1   1   1   1
   1   1   1   1   1   1   1   1   1   1
   1   1   1   1   1   1   1   1   1   1
   0   0   0   0   0   0   0   0   0   0
   0   0   0   0   0   0   0   0   0   0
   0   0   0   0   0   0   0   0   0   0
---- 6b-EDO (Mavila[9]) ----
primary_step=0, secondary_step=3, sharpness=-3, num_cycles=3
   1   1   1   1   1   1   1   1   1   1
   1   1   1   1   1   1   1   1   1   1
   0   0   0   0   0   0   0   0   0   0
   0   0   0   0   0   0   0   0   0   0
   0   0   0   0   0   0   0   0   0   0
   1   1   1   1   1   1   1   1   1   1
   1   1   1   1   1   1   1   1   1   1
   1   1   1   1   1   1   1   1   1   1
   0   0   0   0   0   0   0   0   0   0
   0   0   0   0   0   0   0   0   0   0
   0   0   0   0   0   0   0   0   0   0
---- 7-EDO (Meantone[7]) ----
primary_step=1, secondary_step=1, sharpness=0, num_cycles=1
   1   0   0   0   0   0   0   1   0   0
   1   0   0   0   0   0   0   1   0   0
   1   0   0   0   0   0   0   1   0   0
   1   0   0   0   0   0   0   1   0   0
   1   0   0   0   0   0   0   1   0   0
   1   0   0   0   0   0   0   1   0   0
   1   0   0   0   0   0   0   1   0   0
   1   0   0   0   0   0   0   1   0   0
   1   0   0   0   0   0   0   1   0   0
   1   0   0   0   0   0   0   1   0   0
   1   0   0   0   0   0   0   1   0   0
---- 7-EDO (Mavila[9]) ----
primary_step=1, secondary_step=0, sharpness=1, num_cycles=1
   1   0   0   0   0   0   0   1   0   0
   1   0   0   0   0   0   0   1   0   0
   1   0   0   0   0   0   0   1   0   0
   1   0   0   0   0   0   0   1   0   0
   1   0   0   0   0   0   0   1   0   0
   1   0   0   0   0   0   0   1   0   0
   1   0   0   0   0   0   0   1   0   0
   1   0   0   0   0   0   0   1   0   0
   1   0   0   0   0   0   0   1   0   0
   1   0   0   0   0   0   0   1   0   0
   1   0   0   0   0   0   0   1   0   0
---- 7-EDO (Porcupine[7]) ----
primary_step=1, secondary_step=1, sharpness=0, num_cycles=1
   1   0   0   0   0   0   0   1   0   0
   1   0   0   0   0   0   0   1   0   0
   1   0   0   0   0   0   0   1   0   0
   1   0   0   0   0   0   0   1   0   0
   1   0   0   0   0   0   0   1   0   0
   1   0   0   0   0   0   0   1   0   0
   1   0   0   0   0   0   0   1   0   0
   1   0   0   0   0   0   0   1   0   0
   1   0   0   0   0   0   0   1   0   0
   1   0   0   0   0   0   0   1   0   0
   1   0   0   0   0   0   0   1   0   0
---- 7-EDO (Porcupine[8]) ----
primary_step=1, secondary_step=0, sharpness=1, num_cycles=1
   1   0   0   0   0   0   0   1   0   0
   1   0   0   0   0   0   0   1   0   0
   1   0   0   0   0   0   0   1   0   0
   1   0   0   0   0   0   0   1   0   0
   1   0   0   0   0   0   0   1   0   0
   1   0   0   0   0   0   0   1   0   0
   1   0   0   0   0   0   0   1   0   0
   1   0   0   0   0   0   0   1   0   0
   1   0   0   0   0   0   0   1   0   0
   1   0   0   0   0   0   0   1   0   0
   1   0   0   0   0   0   0   1   0   0
---- 8-EDO (Porcupine[8]) ----
primary_step=1, secondary_step=1, sharpness=0, num_cycles=1
   1   0   0   0   0   0   0   0   1   0
   1   0   0   0   0   0   0   0   1   0
   1   0   0   0   0   0   0   0   1   0
   1   0   0   0   0   0   0   0   1   0
   1   0   0   0   0   0   0   0   1   0
   1   0   0   0   0   0   0   0   1   0
   1   0   0   0   0   0   0   0   1   0
   1   0   0   0   0   0   0   0   1   0
   1   0   0   0   0   0   0   0   1   0
   1   0   0   0   0   0   0   0   1   0
   1   0   0   0   0   0   0   0   1   0
---- 8-EDO (Porcupine[7]) ----
primary_step=1, secondary_step=2, sharpness=-1, num_cycles=1
   0   0   0   0   0   0   1   0   0   0
   0   0   0   0   1   0   0   0   0   0
   0   0   1   0   0   0   0   0   0   0
   1   0   0   0   0   0   0   0   1   0
   0   0   0   0   0   0   1   0   0   0
   0   0   0   0   1   0   0   0   0   0
   0   0   1   0   0   0   0   0   0   0
   1   0   0   0   0   0   0   0   1   0
   0   0   0   0   0   0   1   0   0   0
   0   0   0   0   1   0   0   0   0   0
   0   0   1   0   0   0   0   0   0   0
---- 9-EDO (Mavila[9]) ----
primary_step=1, secondary_step=1, sharpness=0, num_cycles=1
   1   0   0   0   0   0   0   0   0   1
   1   0   0   0   0   0   0   0   0   1
   1   0   0   0   0   0   0   0   0   1
   1   0   0   0   0   0   0   0   0   1
   1   0   0   0   0   0   0   0   0   1
   1   0   0   0   0   0   0   0   0   1
   1   0   0   0   0   0   0   0   0   1
   1   0   0   0   0   0   0   0   0   1
   1   0   0   0   0   0   0   0   0   1
   1   0   0   0   0   0   0   0   0   1
   1   0   0   0   0   0   0   0   0   1
---- 9-EDO (Meantone[7]) ----
primary_step=1, secondary_step=2, sharpness=-1, num_cycles=1
   0   0   0   1   0   0   0   0   1   0
   0   1   0   0   0   0   1   0   0   0
   0   0   0   0   1   0   0   0   1   0
   0   0   1   0   0   0   1   0   0   0
   1   0   0   0   1   0   0   0   0   1
   0   0   1   0   0   0   0   1   0   0
   1   0   0   0   0   1   0   0   0   1
   0   0   0   1   0   0   0   1   0   0
   0   1   0   0   0   1   0   0   0   0
   0   0   0   1   0   0   0   0   1   0
   0   1   0   0   0   0   1   0   0   0
---- 10-EDO (Meantone[7]) ----
primary_step=2, secondary_step=0, sharpness=2, num_cycles=2
   0   0   0   1   0   0   0   0   1   0
   0   0   1   0   0   0   0   1   0   0
   0   0   1   0   0   0   0   1   0   0
   0   1   0   0   0   0   1   0   0   0
   0   1   0   0   0   0   1   0   0   0
   1   0   0   0   0   1   0   0   0   0
   1   0   0   0   0   1   0   0   0   0
   0   0   0   0   1   0   0   0   0   1
   0   0   0   0   1   0   0   0   0   1
   0   0   0   1   0   0   0   0   1   0
   0   0   0   1   0   0   0   0   1   0
---- 11-EDO (Meantone[7]) ----
primary_step=1, secondary_step=3, sharpness=-2, num_cycles=1
   0   1   2   0   0   0   1   2   0   0
   0   0   0   1   2   0   0   0   0   1
   1   2   0   0   0   0   1   2   0   0
   0   0   0   1   2   0   0   0   1   2
   1   2   0   0   0   1   2   0   0   0
   0   0   1   2   0   0   0   0   1   2
   2   0   0   0   0   1   2   0   0   0
   0   0   1   2   0   0   0   1   2   0
   2   0   0   0   1   2   0   0   0   0
   0   1   2   0   0   0   0   1   2   0
   0   0   0   0   1   2   0   0   0   1
---- 11-EDO (Mavila[9]) ----
primary_step=1, secondary_step=2, sharpness=-1, num_cycles=1
   0   0   1   0   0   0   0   1   0   0
   1   0   0   0   0   1   0   0   0   0
   0   0   0   1   0   0   0   0   0   1
   0   1   0   0   0   0   0   1   0   0
   0   0   0   0   0   1   0   0   0   0
   0   0   0   1   0   0   0   0   1   0
   0   1   0   0   0   0   1   0   0   0
   0   0   0   0   1   0   0   0   0   0
   0   0   1   0   0   0   0   0   1   0
   1   0   0   0   0   0   1   0   0   0
   0   0   0   0   1   0   0   0   0   1
---- 12-EDO (Meantone[7]) ----
primary_step=2, secondary_step=1, sharpness=1, num_cycles=1
   0   0   1   1   0   0   0   0   1   1
   1   0   0   0   1   1   1   0   0   0
   0   1   1   0   0   0   0   1   1   0
   0   0   0   1   1   1   0   0   0   1
   1   1   0   0   0   0   1   1   0   0
   0   0   1   1   1   0   0   0   1   1
   1   0   0   0   0   1   1   0   0   0
   0   1   1   1   0   0   0   1   1   1
   0   0   0   0   1   1   0   0   0   0
   1   1   1   0   0   0   1   1   1   0
   0   0   0   1   1   0   0   0   0   1
---- 13b-EDO (Porcupine[7]) ----
primary_step=2, secondary_step=1, sharpness=1, num_cycles=1
   1   1   1   1   1   1   0   0   0   0
   0   0   0   0   0   0   1   1   1   1
   1   1   1   1   1   0   0   0   0   0
   0   0   0   0   0   1   1   1   1   1
   1   1   1   1   0   0   0   0   0   0
   0   0   0   0   1   1   1   1   1   1
   1   1   1   0   0   0   0   0   0   0
   0   0   0   1   1   1   1   1   1   0
   1   1   0   0   0   0   0   0   0   1
   0   0   1   1   1   1   1   1   0   0
   1   0   0   0   0   0   0   0   1   1
---- 13b-EDO (Meantone[7]) ----
primary_step=1, secondary_step=4, sharpness=-3, num_cycles=1
   0   0   0   1   3   2   0   0   0   1
   3   2   0   0   0   1   3   2   0   0
   0   1   3   2   0   0   0   0   1   3
   0   0   0   0   1   3   2   0   0   0
   1   3   2   0   0   0   1   3   2   0
   0   0   1   3   2   0   0   0   0   1
   2   0   0   0   0   1   3   2   0   0
   0   1   3   2   0   0   0   1   3   2
   0   0   0   1   3   2   0   0   0   0
   3   2   0   0   0   0   1   3   2   0
   0   0   1   3   2   0   0   0   1   3
---- 13b-EDO (Mavila[9]) ----
primary_step=1, secondary_step=3, sharpness=-2, num_cycles=1
   0   0   0   0   0   1   2   0   0   0
   0   0   1   2   0   0   0   0   1   2
   2   0   0   0   0   1   2   0   0   0
   0   0   1   2   0   0   0   0   0   1
   2   0   0   0   0   0   1   2   0   0
   0   0   0   1   2   0   0   0   0   1
   1   2   0   0   0   0   1   2   0   0
   0   0   0   1   2   0   0   0   0   0
   1   2   0   0   0   0   0   1   2   0
   0   0   0   0   1   2   0   0   0   0
   0   1   2   0   0   0   0   1   2   0
---- 14-EDO (Meantone[7]) ----
primary_step=2, secondary_step=2, sharpness=0, num_cycles=2
   0   0   0   1   0   0   0   0   0   0
   0   0   1   0   0   0   0   0   0   1
   0   0   1   0   0   0   0   0   0   1
   0   1   0   0   0   0   0   0   1   0
   0   1   0   0   0   0   0   0   1   0
   1   0   0   0   0   0   0   1   0   0
   1   0   0   0   0   0   0   1   0   0
   0   0   0   0   0   0   1   0   0   0
   0   0   0   0   0   0   1   0   0   0
   0   0   0   0   0   1   0   0   0   0
   0   0   0   0   0   1   0   0   0   0
---- 14-EDO (Mavila[9]) ----
primary_step=2, secondary_step=0, sharpness=2, num_cycles=2
   0   0   0   1   0   0   0   0   0   0
   0   0   1   0   0   0   0   0   0   1
   0   0   1   0   0   0   0   0   0   1
   0   1   0   0   0   0   0   0   1   0
   0   1   0   0   0   0   0   0   1   0
   1   0   0   0   0   0   0   1   0   0
   1   0   0   0   0   0   0   1   0   0
   0   0   0   0   0   0   1   0   0   0
   0   0   0   0   0   0   1   0   0   0
   0   0   0   0   0   1   0   0   0   0
   0   0   0   0   0   1   0   0   0   0
---- 14-EDO (Porcupine[7]) ----
primary_step=2, secondary_step=2, sharpness=0, num_cycles=2
   0   0   0   1   0   0   0   0   0   0
   0   0   1   0   0   0   0   0   0   1
   0   0   1   0   0   0   0   0   0   1
   0   1   0   0   0   0   0   0   1   0
   0   1   0   0   0   0   0   0   1   0
   1   0   0   0   0   0   0   1   0   0
   1   0   0   0   0   0   0   1   0   0
   0   0   0   0   0   0   1   0   0   0
   0   0   0   0   0   0   1   0   0   0
   0   0   0   0   0   1   0   0   0   0
   0   0   0   0   0   1   0   0   0   0
---- 14-EDO (Porcupine[8]) ----
primary_step=2, secondary_step=0, sharpness=2, num_cycles=2
   0   0   0   1   0   0   0   0   0   0
   0   0   1   0   0   0   0   0   0   1
   0   0   1   0   0   0   0   0   0   1
   0   1   0   0   0   0   0   0   1   0
   0   1   0   0   0   0   0   0   1   0
   1   0   0   0   0   0   0   1   0   0
   1   0   0   0   0   0   0   1   0   0
   0   0   0   0   0   0   1   0   0   0
   0   0   0   0   0   0   1   0   0   0
   0   0   0   0   0   1   0   0   0   0
   0   0   0   0   0   1   0   0   0   0
---- 15-EDO (Meantone[7]) ----
primary_step=3, secondary_step=0, sharpness=3, num_cycles=3
   0   0   0   0   1   0   0   0   0   1
   0   0   0   1   0   0   0   0   1   0
   0   0   1   0   0   0   0   1   0   0
   0   0   1   0   0   0   0   1   0   0
   0   1   0   0   0   0   1   0   0   0
   1   0   0   0   0   1   0   0   0   0
   1   0   0   0   0   1   0   0   0   0
   0   0   0   0   1   0   0   0   0   1
   0   0   0   1   0   0   0   0   1   0
   0   0   0   1   0   0   0   0   1   0
   0   0   1   0   0   0   0   1   0   0
---- 15-EDO (Porcupine[8]) ----
primary_step=2, secondary_step=1, sharpness=1, num_cycles=1
   1   1   1   1   1   1   1   0   0   0
   0   0   0   0   0   0   0   1   1   1
   1   1   1   1   1   1   0   0   0   0
   0   0   0   0   0   0   1   1   1   1
   1   1   1   1   1   0   0   0   0   0
   0   0   0   0   0   1   1   1   1   1
   1   1   1   1   0   0   0   0   0   0
   0   0   0   0   1   1   1   1   1   1
   1   1   1   0   0   0   0   0   0   0
   0   0   0   1   1   1   1   1   1   1
   1   1   0   0   0   0   0   0   0   0
---- 15-EDO (Porcupine[7]) ----
primary_step=2, secondary_step=3, sharpness=-1, num_cycles=1
   0   0   0   0   1   3   3   3   3   3
   3   3   2   0   0   0   0   0   0   0
   0   1   3   3   3   3   3   3   2   0
   0   0   0   0   0   0   0   1   3   3
   3   3   3   3   3   2   0   0   0   0
   0   0   0   0   1   3   3   3   3   3
   3   3   2   0   0   0   0   0   0   0
   0   1   3   3   3   3   3   3   2   0
   0   0   0   0   0   0   0   1   3   3
   3   3   3   3   3   2   0   0   0   0
   0   0   0   0   1   3   3   3   3   3
---- 16-EDO (Mavila[9]) ----
primary_step=2, secondary_step=1, sharpness=1, num_cycles=1
   0   1   1   1   1   0   0   0   0   1
   0   0   0   0   0   1   1   1   0   0
   1   1   1   1   0   0   0   0   1   1
   0   0   0   0   1   1   1   0   0   0
   1   1   1   0   0   0   0   1   1   1
   0   0   0   1   1   1   0   0   0   0
   1   1   0   0   0   0   1   1   1   1
   0   0   1   1   1   0   0   0   0   0
   1   0   0   0   0   1   1   1   1   0
   0   1   1   1   0   0   0   0   0   1
   0   0   0   0   1   1   1   1   0   0
---- 16-EDO (Meantone[7]) ----
primary_step=2, secondary_step=3, sharpness=-1, num_cycles=1
   3   2   0   0   0   0   1   3   3   2
   1   3   3   3   2   0   0   0   1   3
   0   0   0   1   3   3   2   0   0   0
   3   2   0   0   0   1   3   3   3   2
   1   3   3   2   0   0   0   0   1   3
   0   0   1   3   3   3   2   0   0   0
   2   0   0   0   0   1   3   3   2   0
   3   3   3   2   0   0   0   1   3   3
   0   0   1   3   3   2   0   0   0   0
   2   0   0   0   1   3   3   3   2   0
   3   3   2   0   0   0   0   1   3   3
---- 17-EDO (Meantone[7]) ----
primary_step=3, secondary_step=1, sharpness=2, num_cycles=1
   1   2   2   0   0   0   0   1   1   2
   0   1   1   2   2   2   0   0   0   1
   0   0   0   1   1   1   2   2   0   0
   2   2   0   0   0   0   1   1   2   2
   1   1   2   2   2   0   0   0   1   1
   0   0   1   1   1   2   2   0   0   0
   2   0   0   0   0   1   1   2   2   2
   1   2   2   2   0   0   0   1   1   1
   0   1   1   1   2   2   0   0   0   0
   0   0   0   0   1   1   2   2   2   0
   2   2   2   0   0   0   1   1   1   2
---- 18b-EDO (Mavila[9]) ----
primary_step=2, secondary_step=2, sharpness=0, num_cycles=2
   0   0   0   1   0   0   0   0   0   0
   0   0   1   0   0   0   0   0   0   0
   0   0   1   0   0   0   0   0   0   0
   0   1   0   0   0   0   0   0   0   0
   0   1   0   0   0   0   0   0   0   0
   1   0   0   0   0   0   0   0   0   1
   1   0   0   0   0   0   0   0   0   1
   0   0   0   0   0   0   0   0   1   0
   0   0   0   0   0   0   0   0   1   0
   0   0   0   0   0   0   0   1   0   0
   0   0   0   0   0   0   0   1   0   0
---- 18b-EDO (Meantone[7]) ----
primary_step=2, secondary_step=4, sharpness=-2, num_cycles=2
   0   1   0   0   0   0   1   0   0   0
   0   0   0   0   1   0   0   0   1   0
   0   0   0   1   0   0   0   1   0   0
   0   1   0   0   0   1   0   0   0   0
   1   0   0   0   1   0   0   0   0   1
   0   0   1   0   0   0   0   1   0   0
   0   1   0   0   0   0   1   0   0   0
   0   0   0   0   1   0   0   0   1   0
   0   0   0   1   0   0   0   1   0   0
   0   1   0   0   0   1   0   0   0   0
   1   0   0   0   1   0   0   0   0   1
---- 19-EDO (Meantone[7]) ----
primary_step=3, secondary_step=2, sharpness=1, num_cycles=1
   1   1   3   2   2   0   0   0   0   1
   0   0   1   1   3   2   2   2   0   0
   2   0   0   0   1   1   1   3   2   2
   3   2   2   0   0   0   0   1   1   3
   1   1   3   2   2   2   0   0   0   1
   0   0   1   1   1   3   2   2   0   0
   2   0   0   0   0   1   1   3   2   2
   3   2   2   2   0   0   0   1   1   1
   1   1   1   3   2   2   0   0   0   0
   0   0   0   1   1   3   2   2   2   0
   2   2   0   0   0   1   1   1   3   2
---- 20-EDO (Meantone[7]) ----
primary_step=4, secondary_step=0, sharpness=4, num_cycles=4
   0   0   0   0   1   0   0   0   0   1
   0   0   0   1   0   0   0   0   1   0
   0   0   0   1   0   0   0   0   1   0
   0   0   1   0   0   0   0   1   0   0
   0   1   0   0   0   0   1   0   0   0
   1   0   0   0   0   1   0   0   0   0
   1   0   0   0   0   1   0   0   0   0
   0   0   0   0   1   0   0   0   0   1
   0   0   0   1   0   0   0   0   1   0
   0   0   1   0   0   0   0   1   0   0
   0   0   1   0   0   0   0   1   0   0
---- 21-EDO (Meantone[7]) ----
primary_step=3, secondary_step=3, sharpness=0, num_cycles=3
   0   0   0   0   1   0   0   0   0   0
   0   0   0   1   0   0   0   0   0   0
   0   0   1   0   0   0   0   0   0   1
   0   0   1   0   0   0   0   0   0   1
   0   1   0   0   0   0   0   0   1   0
   1   0   0   0   0   0   0   1   0   0
   1   0   0   0   0   0   0   1   0   0
   0   0   0   0   0   0   1   0   0   0
   0   0   0   0   0   1   0   0   0   0
   0   0   0   0   0   1   0   0   0   0
   0   0   0   0   1   0   0   0   0   0
---- 21-EDO (Mavila[9]) ----
primary_step=3, secondary_step=0, sharpness=3, num_cycles=3
   0   0   0   0   1   0   0   0   0   0
   0   0   0   1   0   0   0   0   0   0
   0   0   1   0   0   0   0   0   0   1
   0   0   1   0   0   0   0   0   0   1
   0   1   0   0   0   0   0   0   1   0
   1   0   0   0   0   0   0   1   0   0
   1   0   0   0   0   0   0   1   0   0
   0   0   0   0   0   0   1   0   0   0
   0   0   0   0   0   1   0   0   0   0
   0   0   0   0   0   1   0   0   0   0
   0   0   0   0   1   0   0   0   0   0
---- 21-EDO (Porcupine[7]) ----
primary_step=3, secondary_step=3, sharpness=0, num_cycles=3
   0   0   0   0   1   0   0   0   0   0
   0   0   0   1   0   0   0   0   0   0
   0   0   1   0   0   0   0   0   0   1
   0   0   1   0   0   0   0   0   0   1
   0   1   0   0   0   0   0   0   1   0
   1   0   0   0   0   0   0   1   0   0
   1   0   0   0   0   0   0   1   0   0
   0   0   0   0   0   0   1   0   0   0
   0   0   0   0   0   1   0   0   0   0
   0   0   0   0   0   1   0   0   0   0
   0   0   0   0   1   0   0   0   0   0
---- 21-EDO (Porcupine[8]) ----
primary_step=3, secondary_step=0, sharpness=3, num_cycles=3
   0   0   0   0   1   0   0   0   0   0
   0   0   0   1   0   0   0   0   0   0
   0   0   1   0   0   0   0   0   0   1
   0   0   1   0   0   0   0   0   0   1
   0   1   0   0   0   0   0   0   1   0
   1   0   0   0   0   0   0   1   0   0
   1   0   0   0   0   0   0   1   0   0
   0   0   0   0   0   0   1   0   0   0
   0   0   0   0   0   1   0   0   0   0
   0   0   0   0   0   1   0   0   0   0
   0   0   0   0   1   0   0   0   0   0
---- 22-EDO (Meantone[7]) ----
primary_step=4, secondary_step=1, sharpness=3, num_cycles=1
   0   1   1   3   3   3   2   2   0   0
   0   0   0   1   1   1   3   3   2   2
   2   2   0   0   0   0   1   1   3   3
   3   3   2   2   2   0   0   0   1   1
   1   1   3   3   3   2   2   0   0   0
   0   0   1   1   1   3   3   2   2   2
   2   0   0   0   0   1   1   3   3   3
   3   2   2   2   0   0   0   1   1   1
   1   3   3   3   2   2   0   0   0   0
   0   1   1   1   3   3   2   2   2   0
   0   0   0   0   1   1   3   3   3   2
---- 22-EDO (Porcupine[8]) ----
primary_step=3, secondary_step=1, sharpness=2, num_cycles=1
   2   2   2   2   2   2   0   0   0   0
   1   1   1   1   1   1   2   2   2   2
   0   0   0   0   0   0   1   1   1   1
   2   2   2   2   2   0   0   0   0   0
   1   1   1   1   1   2   2   2   2   2
   0   0   0   0   0   1   1   1   1   1
   2   2   2   2   0   0   0   0   0   0
   1   1   1   1   2   2   2   2   2   2
   0   0   0   0   1   1   1   1   1   1
   2   2   2   0   0   0   0   0   0   0
   1   1   1   2   2   2   2   2   2   2
---- 22-EDO (Porcupine[7]) ----
primary_step=3, secondary_step=4, sharpness=-1, num_cycles=1
   1   1   1   3   2   2   2   2   2   2
   0   0   1   1   1   1   1   1   1   3
   2   0   0   0   0   0   0   0   1   1
   2   2   2   2   2   2   2   0   0   0
   1   1   1   1   1   3   2   2   2   2
   0   0   0   0   1   1   1   1   1   1
   2   2   2   0   0   0   0   0   0   0
   1   3   2   2   2   2   2   2   2   0
   1   1   1   1   1   1   1   3   2   2
   0   0   0   0   0   0   1   1   1   1
   2   2   2   2   2   0   0   0   0   0
---- 23-EDO (Mavila[9]) ----
primary_step=3, secondary_step=1, sharpness=2, num_cycles=1
   2   2   2   2   0   0   0   0   1   1
   1   1   1   1   2   2   2   0   0   0
   0   0   0   0   1   1   1   2   2   2
   2   2   2   0   0   0   0   1   1   1
   1   1   1   2   2   2   0   0   0   0
   0   0   0   1   1   1   2   2   2   2
   2   2   0   0   0   0   1   1   1   1
   1   1   2   2   2   0   0   0   0   0
   0   0   1   1   1   2   2   2   2   0
   2   0   0   0   0   1   1   1   1   2
   1   2   2   2   0   0   0   0   0   1
---- 23-EDO (Meantone[7]) ----
primary_step=3, secondary_step=4, sharpness=-1, num_cycles=1
   0   1   1   1   1   3   2   2   2   0
   0   0   0   0   1   1   1   3   2   2
   2   2   2   0   0   0   1   1   1   1
   1   3   2   2   2   0   0   0   0   1
   1   1   1   3   2   2   2   2   0   0
   0   0   1   1   1   1   3   2   2   2
   2   0   0   0   0   1   1   1   3   2
   2   2   2   2   0   0   0   1   1   1
   1   1   3   2   2   2   0   0   0   0
   0   1   1   1   3   2   2   2   2   0
   0   0   0   1   1   1   1   3   2   2
---- 24-EDO (Meantone[7]) ----
primary_step=4, secondary_step=2, sharpness=2, num_cycles=2
   1   1   1   0   0   0   1   1   1   0
   1   1   0   0   0   1   1   1   0   0
   0   0   1   1   0   0   0   0   1   1
   0   1   1   0   0   0   0   1   1   0
   0   0   0   1   1   1   0   0   0   1
   0   0   1   1   1   0   0   0   1   1
   1   0   0   0   0   1   1   0   0   0
   0   0   0   0   1   1   0   0   0   0
   1   1   1   0   0   0   1   1   1   0
   1   1   0   0   0   1   1   1   0   0
   0   0   1   1   0   0   0   0   1   1
---- 25-EDO (Meantone[7]) ----
primary_step=5, secondary_step=0, sharpness=5, num_cycles=5
   0   0   0   0   1   0   0   0   0   1
   0   0   0   0   1   0   0   0   0   1
   0   0   0   1   0   0   0   0   1   0
   0   0   1   0   0   0   0   1   0   0
   0   1   0   0   0   0   1   0   0   0
   1   0   0   0   0   1   0   0   0   0
   1   0   0   0   0   1   0   0   0   0
   0   0   0   0   1   0   0   0   0   1
   0   0   0   1   0   0   0   0   1   0
   0   0   1   0   0   0   0   1   0   0
   0   1   0   0   0   0   1   0   0   0
---- 26-EDO (Meantone[7]) ----
primary_step=4, secondary_step=3, sharpness=1, num_cycles=1
   0   0   0   1   1   1   3   3   3   2
   2   2   0   0   0   1   1   1   1   3
   3   2   2   2   0   0   0   0   1   1
   1   3   3   2   2   2   2   0   0   0
   1   1   1   3   3   3   2   2   2   0
   0   0   1   1   1   1   3   3   2   2
   2   0   0   0   0   1   1   1   3   3
   2   2   2   2   0   0   0   1   1   1
   3   3   3   2   2   2   0   0   0   0
   1   1   1   3   3   2   2   2   2   0
   0   0   1   1   1   3   3   3   2   2
---- 27-EDO (Meantone[7]) ----
primary_step=5, secondary_step=1, sharpness=4, num_cycles=1
   0   0   0   1   1   1   3   3   4   4
   2   2   0   0   0   0   1   1   3   3
   4   4   2   2   2   0   0   0   1   1
   3   3   4   4   4   2   2   0   0   0
   1   1   3   3   3   4   4   2   2   2
   0   0   1   1   1   3   3   4   4   4
   2   0   0   0   0   1   1   3   3   3
   4   2   2   2   0   0   0   1   1   1
   3   4   4   4   2   2   0   0   0   0
   1   3   3   3   4   4   2   2   2   0
   0   1   1   1   3   3   4   4   4   2
---- 28-EDO (Meantone[7]) ----
primary_step=4, secondary_step=4, sharpness=0, num_cycles=4
   0   0   0   0   1   0   0   0   0   0
   0   0   0   1   0   0   0   0   0   0
   0   0   0   1   0   0   0   0   0   0
   0   0   1   0   0   0   0   0   0   1
   0   1   0   0   0   0   0   0   1   0
   1   0   0   0   0   0   0   1   0   0
   1   0   0   0   0   0   0   1   0   0
   0   0   0   0   0   0   1   0   0   0
   0   0   0   0   0   1   0   0   0   0
   0   0   0   0   1   0   0   0   0   0
   0   0   0   0   1   0   0   0   0   0
---- 28-EDO (Mavila[9]) ----
primary_step=4, secondary_step=0, sharpness=4, num_cycles=4
   0   0   0   0   1   0   0   0   0   0
   0   0   0   1   0   0   0   0   0   0
   0   0   0   1   0   0   0   0   0   0
   0   0   1   0   0   0   0   0   0   1
   0   1   0   0   0   0   0   0   1   0
   1   0   0   0   0   0   0   1   0   0
   1   0   0   0   0   0   0   1   0   0
   0   0   0   0   0   0   1   0   0   0
   0   0   0   0   0   1   0   0   0   0
   0   0   0   0   1   0   0   0   0   0
   0   0   0   0   1   0   0   0   0   0
---- 28-EDO (Porcupine[7]) ----
primary_step=4, secondary_step=4, sharpness=0, num_cycles=4
   0   0   0   0   1   0   0   0   0   0
   0   0   0   1   0   0   0   0   0   0
   0   0   0   1   0   0   0   0   0   0
   0   0   1   0   0   0   0   0   0   1
   0   1   0   0   0   0   0   0   1   0
   1   0   0   0   0   0   0   1   0   0
   1   0   0   0   0   0   0   1   0   0
   0   0   0   0   0   0   1   0   0   0
   0   0   0   0   0   1   0   0   0   0
   0   0   0   0   1   0   0   0   0   0
   0   0   0   0   1   0   0   0   0   0
---- 28-EDO (Porcupine[8]) ----
primary_step=4, secondary_step=0, sharpness=4, num_cycles=4
   0   0   0   0   1   0   0   0   0   0
   0   0   0   1   0   0   0   0   0   0
   0   0   0   1   0   0   0   0   0   0
   0   0   1   0   0   0   0   0   0   1
   0   1   0   0   0   0   0   0   1   0
   1   0   0   0   0   0   0   1   0   0
   1   0   0   0   0   0   0   1   0   0
   0   0   0   0   0   0   1   0   0   0
   0   0   0   0   0   1   0   0   0   0
   0   0   0   0   1   0   0   0   0   0
   0   0   0   0   1   0   0   0   0   0
---- 29-EDO (Meantone[7]) ----
primary_step=5, secondary_step=2, sharpness=3, num_cycles=1
   2   0   0   0   1   1   1   3   3   5
   4   2   2   0   0   0   0   1   1   3
   5   4   4   2   2   2   0   0   0   1
   3   3   5   4   4   4   2   2   0   0
   1   1   3   3   3   5   4   4   2   2
   0   0   1   1   1   3   3   5   4   4
   2   0   0   0   0   1   1   3   3   3
   4   2   2   2   0   0   0   1   1   1
   5   4   4   4   2   2   0   0   0   0
   3   3   3   5   4   4   2   2   2   0
   1   1   1   3   3   5   4   4   4   2
---- 29-EDO (Porcupine[8]) ----
primary_step=4, secondary_step=1, sharpness=3, num_cycles=1
   1   1   1   1   1   1   3   3   3   3
   0   0   0   0   0   0   1   1   1   1
   2   2   2   2   2   0   0   0   0   0
   3   3   3   3   3   2   2   2   2   2
   1   1   1   1   1   3   3   3   3   3
   0   0   0   0   0   1   1   1   1   1
   2   2   2   2   0   0   0   0   0   0
   3   3   3   3   2   2   2   2   2   2
   1   1   1   1   3   3   3   3   3   3
   0   0   0   0   1   1   1   1   1   1
   2   2   2   0   0   0   0   0   0   0
---- 29-EDO (Porcupine[7]) ----
primary_step=4, secondary_step=5, sharpness=-1, num_cycles=1
   0   0   0   1   1   1   1   1   1   1
   2   2   0   0   0   0   0   0   0   1
   4   2   2   2   2   2   2   2   0   0
   5   5   5   5   5   5   4   2   2   2
   1   1   1   1   1   3   5   5   5   5
   0   0   0   0   1   1   1   1   1   1
   2   2   2   0   0   0   0   0   0   0
   5   4   2   2   2   2   2   2   2   0
   3   5   5   5   5   5   5   4   2   2
   1   1   1   1   1   1   3   5   5   5
   0   0   0   0   0   1   1   1   1   1
---- 30-EDO (Meantone[7]) ----
primary_step=6, secondary_step=0, sharpness=6, num_cycles=6
   1   0   0   0   0   1   0   0   0   0
   0   0   0   0   1   0   0   0   0   1
   0   0   0   1   0   0   0   0   1   0
   0   0   1   0   0   0   0   1   0   0
   0   1   0   0   0   0   1   0   0   0
   1   0   0   0   0   1   0   0   0   0
   1   0   0   0   0   1   0   0   0   0
   0   0   0   0   1   0   0   0   0   1
   0   0   0   1   0   0   0   0   1   0
   0   0   1   0   0   0   0   1   0   0
   0   1   0   0   0   0   1   0   0   0
---- 30-EDO (Porcupine[8]) ----
primary_step=4, secondary_step=2, sharpness=2, num_cycles=2
   1   0   0   0   0   0   0   0   0   1
   0   0   0   0   0   0   0   0   1   1
   1   1   1   1   1   1   1   0   0   0
   1   1   1   1   1   1   0   0   0   0
   0   0   0   0   0   0   1   1   1   1
   0   0   0   0   0   1   1   1   1   1
   1   1   1   1   0   0   0   0   0   0
   1   1   1   0   0   0   0   0   0   0
   0   0   0   1   1   1   1   1   1   1
   0   0   1   1   1   1   1   1   1   0
   1   0   0   0   0   0   0   0   0   1
---- 30-EDO (Porcupine[7]) ----
primary_step=4, secondary_step=6, sharpness=-2, num_cycles=2
   0   0   0   1   3   3   3   3   3   3
   3   2   0   0   0   0   0   0   0   1
   2   0   0   0   0   0   0   0   1   3
   3   3   3   3   3   3   2   0   0   0
   3   3   3   3   3   2   0   0   0   0
   0   0   0   0   1   3   3   3   3   3
   0   0   0   1   3   3   3   3   3   3
   3   2   0   0   0   0   0   0   0   1
   2   0   0   0   0   0   0   0   1   3
   3   3   3   3   3   3   2   0   0   0
   3   3   3   3   3   2   0   0   0   0
---- 31-EDO (Meantone[7]) ----
primary_step=5, secondary_step=3, sharpness=2, num_cycles=1
   2   2   0   0   0   1   1   1   1   3
   4   2   2   2   0   0   0   0   1   1
   3   4   4   2   2   2   2   0   0   0
   1   3   3   4   4   4   2   2   2   0
   1   1   1   3   3   3   4   4   2   2
   0   0   1   1   1   1   3   3   4   4
   2   0   0   0   0   1   1   1   3   3
   2   2   2   2   0   0   0   1   1   1
   4   4   4   2   2   2   0   0   0   0
   3   3   3   4   4   2   2   2   2   0
   1   1   1   3   3   4   4   4   2   2
---- 32-EDO (Meantone[7]) ----
primary_step=6, secondary_step=1, sharpness=5, num_cycles=1
   2   2   0   0   0   0   1   1   3   3
   4   4   2   2   2   0   0   0   1   1
   5   5   4   4   4   2   2   0   0   0
   3   3   5   5   5   4   4   2   2   2
   1   1   3   3   3   5   5   4   4   4
   0   0   1   1   1   3   3   5   5   5
   2   0   0   0   0   1   1   3   3   3
   4   2   2   2   0   0   0   1   1   1
   5   4   4   4   2   2   0   0   0   0
   3   5   5   5   4   4   2   2   2   0
   1   3   3   3   5   5   4   4   4   2
---- 33-EDO (Meantone[7]) ----
primary_step=5, secondary_step=4, sharpness=1, num_cycles=1
   2   2   2   0   0   0   1   1   1   1
   4   4   2   2   2   0   0   0   0   1
   3   5   4   4   2   2   2   2   0   0
   1   3   3   5   4   4   4   2   2   2
   1   1   1   3   3   3   5   4   4   2
   0   0   1   1   1   1   3   3   5   4
   2   0   0   0   0   1   1   1   3   3
   2   2   2   2   0   0   0   1   1   1
   4   4   4   2   2   2   0   0   0   0
   3   3   5   4   4   2   2   2   2   0
   1   1   3   3   5   4   4   4   2   2
---- 34-EDO (Meantone[7]) ----
primary_step=6, secondary_step=2, sharpness=4, num_cycles=2
   0   0   0   0   1   1   2   2   2   0
   0   0   0   1   1   2   2   2   0   0
   1   1   2   2   0   0   0   0   1   1
   1   2   2   0   0   0   0   1   1   2
   0   0   0   1   1   1   2   2   0   0
   0   0   1   1   1   2   2   0   0   0
   1   2   2   2   0   0   0   1   1   1
   2   2   2   0   0   0   1   1   1   2
   0   0   0   1   1   2   2   2   0   0
   0   0   1   1   2   2   2   0   0   0
   1   2   2   0   0   0   0   1   1   2
---- 35-EDO (Meantone[7]) ----
primary_step=5, secondary_step=5, sharpness=0, num_cycles=5
   0   0   0   0   1   0   0   0   0   0
   0   0   0   0   1   0   0   0   0   0
   0   0   0   1   0   0   0   0   0   0
   0   0   1   0   0   0   0   0   0   1
   0   1   0   0   0   0   0   0   1   0
   1   0   0   0   0   0   0   1   0   0
   1   0   0   0   0   0   0   1   0   0
   0   0   0   0   0   0   1   0   0   0
   0   0   0   0   0   1   0   0   0   0
   0   0   0   0   1   0   0   0   0   0
   0   0   0   1   0   0   0   0   0   0
---- 35-EDO (Mavila[9]) ----
primary_step=5, secondary_step=0, sharpness=5, num_cycles=5
   0   0   0   0   1   0   0   0   0   0
   0   0   0   0   1   0   0   0   0   0
   0   0   0   1   0   0   0   0   0   0
   0   0   1   0   0   0   0   0   0   1
   0   1   0   0   0   0   0   0   1   0
   1   0   0   0   0   0   0   1   0   0
   1   0   0   0   0   0   0   1   0   0
   0   0   0   0   0   0   1   0   0   0
   0   0   0   0   0   1   0   0   0   0
   0   0   0   0   1   0   0   0   0   0
   0   0   0   1   0   0   0   0   0   0
---- 35-EDO (Porcupine[7]) ----
primary_step=5, secondary_step=5, sharpness=0, num_cycles=5
   0   0   0   0   1   0   0   0   0   0
   0   0   0   0   1   0   0   0   0   0
   0   0   0   1   0   0   0   0   0   0
   0   0   1   0   0   0   0   0   0   1
   0   1   0   0   0   0   0   0   1   0
   1   0   0   0   0   0   0   1   0   0
   1   0   0   0   0   0   0   1   0   0
   0   0   0   0   0   0   1   0   0   0
   0   0   0   0   0   1   0   0   0   0
   0   0   0   0   1   0   0   0   0   0
   0   0   0   1   0   0   0   0   0   0
---- 35-EDO (Porcupine[8]) ----
primary_step=5, secondary_step=0, sharpness=5, num_cycles=5
   0   0   0   0   1   0   0   0   0   0
   0   0   0   0   1   0   0   0   0   0
   0   0   0   1   0   0   0   0   0   0
   0   0   1   0   0   0   0   0   0   1
   0   1   0   0   0   0   0   0   1   0
   1   0   0   0   0   0   0   1   0   0
   1   0   0   0   0   0   0   1   0   0
   0   0   0   0   0   0   1   0   0   0
   0   0   0   0   0   1   0   0   0   0
   0   0   0   0   1   0   0   0   0   0
   0   0   0   1   0   0   0   0   0   0
---- 36-EDO (Meantone[7]) ----
primary_step=6, secondary_step=3, sharpness=3, num_cycles=3
   0   0   0   0   1   1   0   0   0   0
   0   0   0   1   1   0   0   0   0   1
   0   0   1   1   0   0   0   0   1   1
   1   0   0   0   1   1   1   0   0   0
   0   0   0   1   1   1   0   0   0   1
   0   0   1   1   1   0   0   0   1   1
   1   0   0   0   0   1   1   0   0   0
   0   0   0   0   1   1   0   0   0   0
   0   0   0   1   1   0   0   0   0   1
   1   1   0   0   0   1   1   1   0   0
   1   0   0   0   1   1   1   0   0   0
---- 36-EDO (Porcupine[8]) ----
primary_step=5, secondary_step=1, sharpness=4, num_cycles=1
   0   0   0   0   0   0   1   1   1   1
   2   2   2   2   2   0   0   0   0   0
   4   4   4   4   4   2   2   2   2   2
   3   3   3   3   3   4   4   4   4   4
   1   1   1   1   1   3   3   3   3   3
   0   0   0   0   0   1   1   1   1   1
   2   2   2   2   0   0   0   0   0   0
   4   4   4   4   2   2   2   2   2   2
   3   3   3   3   4   4   4   4   4   4
   1   1   1   1   3   3   3   3   3   3
   0   0   0   0   1   1   1   1   1   1
---- 36-EDO (Porcupine[7]) ----
primary_step=5, secondary_step=6, sharpness=-1, num_cycles=1
   2   2   2   0   0   0   0   0   0   0
   4   4   2   2   2   2   2   2   2   0
   5   4   4   4   4   4   4   4   2   2
   3   3   3   3   3   3   5   4   4   4
   1   1   1   1   1   3   3   3   3   3
   0   0   0   0   1   1   1   1   1   1
   2   2   2   0   0   0   0   0   0   0
   4   4   2   2   2   2   2   2   2   0
   5   4   4   4   4   4   4   4   2   2
   3   3   3   3   3   3   5   4   4   4
   1   1   1   1   1   3   3   3   3   3
---- 37-EDO (Meantone[7]) ----
primary_step=7, secondary_step=1, sharpness=6, num_cycles=1
   4   4   2   2   2   0   0   0   1   1
   6   6   4   4   4   2   2   0   0   0
   5   5   6   6   6   4   4   2   2   2
   3   3   5   5   5   6   6   4   4   4
   1   1   3   3   3   5   5   6   6   6
   0   0   1   1   1   3   3   5   5   5
   2   0   0   0   0   1   1   3   3   3
   4   2   2   2   0   0   0   1   1   1
   6   4   4   4   2   2   0   0   0   0
   5   6   6   6   4   4   2   2   2   0
   3   5   5   5   6   6   4   4   4   2
---- 37-EDO (Porcupine[8]) ----
primary_step=5, secondary_step=2, sharpness=3, num_cycles=1
   0   0   0   0   0   0   0   1   1   1
   2   2   2   2   2   2   0   0   0   0
   4   4   4   4   4   4   2   2   2   2
   3   3   3   3   3   5   4   4   4   4
   1   1   1   1   1   3   3   3   3   3
   0   0   0   0   0   1   1   1   1   1
   2   2   2   2   0   0   0   0   0   0
   4   4   4   4   2   2   2   2   2   2
   3   3   3   5   4   4   4   4   4   4
   1   1   1   3   3   3   3   3   3   3
   0   0   0   1   1   1   1   1   1   1
---- 37-EDO (Porcupine[7]) ----
primary_step=5, secondary_step=7, sharpness=-2, num_cycles=1
   2   2   2   2   0   0   0   0   0   0
   4   4   4   2   2   2   2   2   2   2
   5   6   4   4   4   4   4   4   4   2
   3   3   3   3   3   3   5   6   4   4
   1   1   1   1   1   3   3   3   3   3
   0   0   0   0   1   1   1   1   1   1
   2   2   2   0   0   0   0   0   0   0
   4   4   2   2   2   2   2   2   2   0
   6   4   4   4   4   4   4   4   2   2
   3   3   3   3   3   5   6   4   4   4
   1   1   1   1   3   3   3   3   3   3
---- 38-EDO (Meantone[7]) ----
primary_step=6, secondary_step=4, sharpness=2, num_cycles=2
   1   1   1   3   2   2   0   0   0   0
   1   1   3   2   2   0   0   0   0   1
   0   0   1   1   3   2   2   2   0   0
   0   1   1   3   2   2   2   0   0   0
   0   0   0   1   1   1   3   2   2   0
   0   0   1   1   1   3   2   2   0   0
   2   0   0   0   0   1   1   3   2   2
   0   0   0   0   1   1   3   2   2   2
   2   2   2   0   0   0   1   1   1   3
   2   2   0   0   0   1   1   1   3   2
   1   3   2   2   0   0   0   0   1   1
---- 39-EDO (Meantone[7]) ----
primary_step=7, secondary_step=2, sharpness=5, num_cycles=1
   6   4   4   2   2   2   0   0   0   1
   7   6   6   4   4   4   2   2   0   0
   5   5   7   6   6   6   4   4   2   2
   3   3   5   5   5   7   6   6   4   4
   1   1   3   3   3   5   5   7   6   6
   0   0   1   1   1   3   3   5   5   5
   2   0   0   0   0   1   1   3   3   3
   4   2   2   2   0   0   0   1   1   1
   6   4   4   4   2   2   0   0   0   0
   7   6   6   6   4   4   2   2   2   0
   5   5   5   7   6   6   4   4   4   2
---- 40-EDO (Meantone[7]) ----
primary_step=6, secondary_step=5, sharpness=1, num_cycles=1
   4   4   4   2   2   2   0   0   0   0
   5   5   4   4   4   2   2   2   2   0
   3   3   5   5   4   4   4   4   2   2
   1   3   3   3   5   5   5   4   4   4
   1   1   1   3   3   3   3   5   5   4
   0   0   1   1   1   1   3   3   3   5
   2   0   0   0   0   1   1   1   3   3
   2   2   2   2   0   0   0   1   1   1
   4   4   4   2   2   2   0   0   0   0
   5   5   4   4   4   2   2   2   2   0
   3   3   5   5   4   4   4   4   2   2
---- 41-EDO (Meantone[7]) ----
primary_step=7, secondary_step=3, sharpness=4, num_cycles=1
   6   4   4   2   2   2   2   0   0   0
   5   6   6   4   4   4   2   2   2   0
   3   5   5   6   6   6   4   4   2   2
   1   3   3   5   5   5   6   6   4   4
   1   1   1   3   3   3   5   5   6   6
   0   0   1   1   1   1   3   3   5   5
   2   0   0   0   0   1   1   1   3   3
   2   2   2   2   0   0   0   1   1   1
   4   4   4   2   2   2   0   0   0   0
   6   6   6   4   4   2   2   2   2   0
   5   5   5   6   6   4   4   4   2   2
---- 42-EDO (Meantone[7]) ----
primary_step=8, secondary_step=1, sharpness=7, num_cycles=1
   6   6   4   4   4   2   2   0   0   0
   7   7   6   6   6   4   4   2   2   2
   5   5   7   7   7   6   6   4   4   4
   3   3   5   5   5   7   7   6   6   6
   1   1   3   3   3   5   5   7   7   7
   0   0   1   1   1   3   3   5   5   5
   2   0   0   0   0   1   1   3   3   3
   4   2   2   2   0   0   0   1   1   1
   6   4   4   4   2   2   0   0   0   0
   7   6   6   6   4   4   2   2   2   0
   5   7   7   7   6   6   4   4   4   2
---- 43-EDO (Meantone[7]) ----
primary_step=7, secondary_step=4, sharpness=3, num_cycles=1
   6   6   4   4   2   2   2   2   0   0
   5   7   6   6   4   4   4   2   2   2
   3   5   5   7   6   6   6   4   4   2
   1   3   3   5   5   5   7   6   6   4
   1   1   1   3   3   3   5   5   7   6
   0   0   1   1   1   1   3   3   5   5
   2   0   0   0   0   1   1   1   3   3
   2   2   2   2   0   0   0   1   1   1
   4   4   4   2   2   2   0   0   0   0
   6   6   6   4   4   2   2   2   2   0
   5   5   7   6   6   4   4   4   2   2
---- 43-EDO (Porcupine[8]) ----
primary_step=6, secondary_step=1, sharpness=5, num_cycles=1
   2   2   2   2   2   0   0   0   0   0
   4   4   4   4   4   2   2   2   2   2
   5   5   5   5   5   4   4   4   4   4
   3   3   3   3   3   5   5   5   5   5
   1   1   1   1   1   3   3   3   3   3
   0   0   0   0   0   1   1   1   1   1
   2   2   2   2   0   0   0   0   0   0
   4   4   4   4   2   2   2   2   2   2
   5   5   5   5   4   4   4   4   4   4
   3   3   3   3   5   5   5   5   5   5
   1   1   1   1   3   3   3   3   3   3
---- 43-EDO (Porcupine[7]) ----
primary_step=6, secondary_step=7, sharpness=-1, num_cycles=1
   4   4   4   2   2   2   2   2   2   2
   7   6   4   4   4   4   4   4   4   2
   5   7   7   7   7   7   7   6   4   4
   3   3   3   3   3   3   5   7   7   7
   1   1   1   1   1   3   3   3   3   3
   0   0   0   0   1   1   1   1   1   1
   2   2   2   0   0   0   0   0   0   0
   4   4   2   2   2   2   2   2   2   0
   6   4   4   4   4   4   4   4   2   2
   7   7   7   7   7   7   6   4   4   4
   3   3   3   3   3   5   7   7   7   7
---- 44-EDO (Meantone[7]) ----
primary_step=8, secondary_step=2, sharpness=6, num_cycles=2
   0   0   0   1   1   3   3   3   2   2
   1   1   3   3   2   2   2   0   0   0
   2   0   0   0   1   1   1   3   3   2
   0   1   1   3   3   3   2   2   0   0
   2   2   0   0   0   0   1   1   3   3
   0   0   1   1   1   3   3   2   2   2
   3   2   2   2   0   0   0   1   1   1
   0   0   0   0   1   1   3   3   3   2
   3   3   3   2   2   0   0   0   0   1
   2   2   0   0   0   1   1   1   3   3
   1   1   3   3   2   2   2   0   0   0
---- 44-EDO (Porcupine[8]) ----
primary_step=6, secondary_step=2, sharpness=4, num_cycles=2
   0   0   1   1   1   1   1   1   1   2
   0   1   1   1   1   1   1   1   2   2
   2   2   2   2   2   2   2   0   0   0
   2   2   2   2   2   2   0   0   0   0
   0   0   0   0   0   0   1   1   1   1
   0   0   0   0   0   1   1   1   1   1
   1   1   1   1   2   2   2   2   2   2
   1   1   1   2   2   2   2   2   2   2
   2   2   0   0   0   0   0   0   0   0
   2   0   0   0   0   0   0   0   0   1
   0   1   1   1   1   1   1   1   2   2
---- 44-EDO (Porcupine[7]) ----
primary_step=6, secondary_step=8, sharpness=-2, num_cycles=2
   2   2   2   0   0   0   0   0   0   0
   1   3   2   2   2   2   2   2   2   0
   3   2   2   2   2   2   2   2   0   0
   1   1   1   1   1   1   3   2   2   2
   1   1   1   1   1   3   2   2   2   2
   0   0   0   0   1   1   1   1   1   1
   0   0   0   1   1   1   1   1   1   1
   2   2   0   0   0   0   0   0   0   1
   2   0   0   0   0   0   0   0   1   1
   2   2   2   2   2   2   2   0   0   0
   2   2   2   2   2   2   0   0   0   0
---- 45-EDO (Meantone[7]) ----
primary_step=7, secondary_step=5, sharpness=2, num_cycles=1
   6   6   4   4   4   2   2   2   2   0
   5   5   6   6   4   4   4   4   2   2
   3   3   5   5   6   6   6   4   4   4
   1   3   3   3   5   5   5   6   6   4
   1   1   1   3   3   3   3   5   5   6
   0   0   1   1   1   1   3   3   3   5
   2   0   0   0   0   1   1   1   3   3
   2   2   2   2   0   0   0   1   1   1
   4   4   4   2   2   2   0   0   0   0
   6   6   4   4   4   2   2   2   2   0
   5   5   6   6   4   4   4   4   2   2
---- 46-EDO (Meantone[7]) ----
primary_step=8, secondary_step=3, sharpness=5, num_cycles=1
   7   6   6   4   4   4   2   2   2   0
   5   7   7   6   6   6   4   4   2   2
   3   5   5   7   7   7   6   6   4   4
   1   3   3   5   5   5   7   7   6   6
   1   1   1   3   3   3   5   5   7   7
   0   0   1   1   1   1   3   3   5   5
   2   0   0   0   0   1   1   1   3   3
   2   2   2   2   0   0   0   1   1   1
   4   4   4   2   2   2   0   0   0   0
   6   6   6   4   4   2   2   2   2   0
   7   7   7   6   6   4   4   4   2   2
---- 47-EDO (Meantone[7]) ----
primary_step=7, secondary_step=6, sharpness=1, num_cycles=1
   6   6   6   4   4   4   2   2   2   2
   5   5   7   6   6   4   4   4   4   2
   3   3   5   5   7   6   6   6   4   4
   1   3   3   3   5   5   5   7   6   6
   1   1   1   3   3   3   3   5   5   7
   0   0   1   1   1   1   3   3   3   5
   2   0   0   0   0   1   1   1   3   3
   2   2   2   2   0   0   0   1   1   1
   4   4   4   2   2   2   0   0   0   0
   6   6   4   4   4   2   2   2   2   0
   5   7   6   6   4   4   4   4   2   2
---- 48-EDO (Meantone[7]) ----
primary_step=8, secondary_step=4, sharpness=4, num_cycles=4
   0   0   0   0   1   1   0   0   0   0
   0   0   0   1   1   0   0   0   0   1
   1   1   0   0   0   1   1   1   0   0
   1   0   0   0   1   1   1   0   0   0
   0   0   0   1   1   1   0   0   0   1
   0   0   1   1   1   0   0   0   1   1
   1   0   0   0   0   1   1   0   0   0
   0   0   0   0   1   1   0   0   0   0
   0   0   0   1   1   0   0   0   0   1
   0   0   1   1   0   0   0   0   1   1
   1   0   0   0   1   1   1   0   0   0
---- 49-EDO (Meantone[7]) ----
primary_step=9, secondary_step=2, sharpness=7, num_cycles=1
   9   8   8   6   6   6   4   4   2   2
   7   7   9   8   8   8   6   6   4   4
   5   5   7   7   7   9   8   8   6   6
   3   3   5   5   5   7   7   9   8   8
   1   1   3   3   3   5   5   7   7   7
   0   0   1   1   1   3   3   5   5   5
   2   0   0   0   0   1   1   3   3   3
   4   2   2   2   0   0   0   1   1   1
   6   4   4   4   2   2   0   0   0   0
   8   6   6   6   4   4   2   2   2   0
   9   8   8   8   6   6   4   4   4   2
---- 50-EDO (Meantone[7]) ----
primary_step=8, secondary_step=5, sharpness=3, num_cycles=1
   7   7   6   6   4   4   4   4   2   2
   5   5   7   7   6   6   6   4   4   4
   3   3   5   5   7   7   7   6   6   4
   1   3   3   3   5   5   5   7   7   6
   1   1   1   3   3   3   3   5   5   7
   0   0   1   1   1   1   3   3   3   5
   2   0   0   0   0   1   1   1   3   3
   2   2   2   2   0   0   0   1   1   1
   4   4   4   2   2   2   0   0   0   0
   6   6   4   4   4   2   2   2   2   0
   7   7   6   6   4   4   4   4   2   2
---- 50-EDO (Porcupine[8]) ----
primary_step=7, secondary_step=1, sharpness=6, num_cycles=1
   4   4   4   4   4   2   2   2   2   2
   6   6   6   6   6   4   4   4   4   4
   5   5   5   5   5   6   6   6   6   6
   3   3   3   3   3   5   5   5   5   5
   1   1   1   1   1   3   3   3   3   3
   0   0   0   0   0   1   1   1   1   1
   2   2   2   2   0   0   0   0   0   0
   4   4   4   4   2   2   2   2   2   2
   6   6   6   6   4   4   4   4   4   4
   5   5   5   5   6   6   6   6   6   6
   3   3   3   3   5   5   5   5   5   5
---- 50-EDO (Porcupine[7]) ----
primary_step=7, secondary_step=8, sharpness=-1, num_cycles=1
   6   6   6   4   4   4   4   4   4   4
   5   7   6   6   6   6   6   6   6   4
   5   5   5   5   5   5   5   7   6   6
   3   3   3   3   3   3   5   5   5   5
   1   1   1   1   1   3   3   3   3   3
   0   0   0   0   1   1   1   1   1   1
   2   2   2   0   0   0   0   0   0   0
   4   4   2   2   2   2   2   2   2   0
   6   4   4   4   4   4   4   4   2   2
   6   6   6   6   6   6   6   4   4   4
   5   5   5   5   5   7   6   6   6   6
---- 51-EDO (Meantone[7]) ----
primary_step=9, secondary_step=3, sharpness=6, num_cycles=3
   2   2   2   0   0   0   1   1   1   2
   0   0   0   1   1   2   2   2   0   0
   0   0   1   1   2   2   2   0   0   0
   1   2   2   0   0   0   0   1   1   2
   0   0   0   1   1   1   2   2   0   0
   0   0   1   1   1   2   2   0   0   0
   1   2   2   2   0   0   0   1   1   1
   0   0   0   0   1   1   2   2   2   0
   0   0   0   1   1   2   2   2   0   0
   1   1   2   2   0   0   0   0   1   1
   2   0   0   0   1   1   1   2   2   0
---- 51-EDO (Porcupine[8]) ----
primary_step=7, secondary_step=2, sharpness=5, num_cycles=1
   4   4   4   4   4   4   2   2   2   2
   6   6   6   6   6   6   4   4   4   4
   5   5   5   5   5   7   6   6   6   6
   3   3   3   3   3   5   5   5   5   5
   1   1   1   1   1   3   3   3   3   3
   0   0   0   0   0   1   1   1   1   1
   2   2   2   2   0   0   0   0   0   0
   4   4   4   4   2   2   2   2   2   2
   6   6   6   6   4   4   4   4   4   4
   5   5   5   7   6   6   6   6   6   6
   3   3   3   5   5   5   5   5   5   5
---- 51-EDO (Porcupine[7]) ----
primary_step=7, secondary_step=9, sharpness=-2, num_cycles=1
   6   6   6   6   4   4   4   4   4   4
   5   7   8   6   6   6   6   6   6   6
   5   5   5   5   5   5   5   7   8   6
   3   3   3   3   3   3   5   5   5   5
   1   1   1   1   1   3   3   3   3   3
   0   0   0   0   1   1   1   1   1   1
   2   2   2   0   0   0   0   0   0   0
   4   4   2   2   2   2   2   2   2   0
   6   4   4   4   4   4   4   4   2   2
   6   6   6   6   6   6   6   4   4   4
   5   5   5   5   7   8   6   6   6   6
---- 52-EDO (Meantone[7]) ----
primary_step=8, secondary_step=6, sharpness=2, num_cycles=2
   1   1   1   1   3   3   2   2   2   2
   1   1   1   3   3   2   2   2   2   0
   0   0   1   1   1   3   3   3   2   2
   0   1   1   1   3   3   3   2   2   2
   0   0   0   1   1   1   1   3   3   2
   0   0   1   1   1   1   3   3   2   2
   2   0   0   0   0   1   1   1   3   3
   0   0   0   0   1   1   1   3   3   3
   2   2   2   0   0   0   1   1   1   1
   2   2   0   0   0   1   1   1   1   3
   3   2   2   2   0   0   0   0   1   1
---- 53-EDO (Meantone[7]) ----
primary_step=9, secondary_step=4, sharpness=5, num_cycles=1
   7   9   8   8   6   6   6   4   4   2
   5   7   7   9   8   8   8   6   6   4
   3   5   5   7   7   7   9   8   8   6
   1   3   3   5   5   5   7   7   9   8
   1   1   1   3   3   3   5   5   7   7
   0   0   1   1   1   1   3   3   5   5
   2   0   0   0   0   1   1   1   3   3
   2   2   2   2   0   0   0   1   1   1
   4   4   4   2   2   2   0   0   0   0
   6   6   6   4   4   2   2   2   2   0
   8   8   8   6   6   4   4   4   2   2
---- 54-EDO (Meantone[7]) ----
primary_step=10, secondary_step=2, sharpness=8, num_cycles=2
   1   3   3   3   4   4   2   2   2   0
   3   3   3   4   4   2   2   2   0   0
   4   4   2   2   0   0   0   0   1   1
   4   2   2   0   0   0   0   1   1   3
   0   0   0   1   1   1   3   3   4   4
   0   0   1   1   1   3   3   4   4   4
   1   3   3   3   4   4   2   2   2   0
   3   3   3   4   4   2   2   2   0   0
   4   4   2   2   0   0   0   0   1   1
   4   2   2   0   0   0   0   1   1   3
   0   0   0   1   1   1   3   3   4   4
---- 55-EDO (Meantone[7]) ----
primary_step=9, secondary_step=5, sharpness=4, num_cycles=1
   7   7   8   8   6   6   6   4   4   4
   5   5   7   7   8   8   8   6   6   4
   3   3   5   5   7   7   7   8   8   6
   1   3   3   3   5   5   5   7   7   8
   1   1   1   3   3   3   3   5   5   7
   0   0   1   1   1   1   3   3   3   5
   2   0   0   0   0   1   1   1   3   3
   2   2   2   2   0   0   0   1   1   1
   4   4   4   2   2   2   0   0   0   0
   6   6   4   4   4   2   2   2   2   0
   8   8   6   6   4   4   4   4   2   2
---- 56-EDO (Meantone[7]) ----
primary_step=10, secondary_step=3, sharpness=7, num_cycles=1
   7   9   9   8   8   8   6   6   4   4
   5   7   7   9   9   9   8   8   6   6
   3   5   5   7   7   7   9   9   8   8
   1   3   3   5   5   5   7   7   9   9
   1   1   1   3   3   3   5   5   7   7
   0   0   1   1   1   1   3   3   5   5
   2   0   0   0   0   1   1   1   3   3
   2   2   2   2   0   0   0   1   1   1
   4   4   4   2   2   2   0   0   0   0
   6   6   6   4   4   2   2   2   2   0
   8   8   8   6   6   4   4   4   2   2
---- 57-EDO (Meantone[7]) ----
primary_step=9, secondary_step=6, sharpness=3, num_cycles=3
   0   0   0   0   1   1   3   2   2   2
   0   0   0   1   1   3   2   2   2   0
   0   0   1   1   3   2   2   2   0   0
   2   0   0   0   1   1   1   3   2   2
   0   0   0   1   1   1   3   2   2   0
   0   0   1   1   1   3   2   2   0   0
   2   0   0   0   0   1   1   3   2   2
   0   0   0   0   1   1   3   2   2   2
   0   0   0   1   1   3   2   2   2   0
   2   2   0   0   0   1   1   1   3   2
   2   0   0   0   1   1   1   3   2   2
---- 57-EDO (Porcupine[8]) ----
primary_step=8, secondary_step=1, sharpness=7, num_cycles=1
   6   6   6   6   6   4   4   4   4   4
   7   7   7   7   7   6   6   6   6   6
   5   5   5   5   5   7   7   7   7   7
   3   3   3   3   3   5   5   5   5   5
   1   1   1   1   1   3   3   3   3   3
   0   0   0   0   0   1   1   1   1   1
   2   2   2   2   0   0   0   0   0   0
   4   4   4   4   2   2   2   2   2   2
   6   6   6   6   4   4   4   4   4   4
   7   7   7   7   6   6   6   6   6   6
   5   5   5   5   7   7   7   7   7   7
---- 57-EDO (Porcupine[7]) ----
primary_step=8, secondary_step=9, sharpness=-1, num_cycles=1
   9   9   8   6   6   6   6   6   6   6
   5   7   9   9   9   9   9   9   8   6
   5   5   5   5   5   5   5   7   9   9
   3   3   3   3   3   3   5   5   5   5
   1   1   1   1   1   3   3   3   3   3
   0   0   0   0   1   1   1   1   1   1
   2   2   2   0   0   0   0   0   0   0
   4   4   2   2   2   2   2   2   2   0
   6   4   4   4   4   4   4   4   2   2
   6   6   6   6   6   6   6   4   4   4
   9   9   9   9   9   8   6   6   6   6
---- 58-EDO (Meantone[7]) ----
primary_step=10, secondary_step=4, sharpness=6, num_cycles=2
   4   4   4   2   2   0   0   0   0   1
   1   1   3   3   5   4   4   4   2   2
   3   5   4   4   2   2   2   0   0   0
   0   1   1   3   3   3   5   4   4   2
   3   3   5   4   4   4   2   2   0   0
   0   0   1   1   1   3   3   5   4   4
   1   3   3   3   5   4   4   2   2   2
   0   0   0   0   1   1   3   3   3   5
   1   1   1   3   3   5   4   4   4   2
   2   2   0   0   0   1   1   1   3   3
   0   0   1   1   3   3   3   5   4   4
---- 58-EDO (Porcupine[8]) ----
primary_step=8, secondary_step=2, sharpness=6, num_cycles=2
   0   1   1   1   1   1   1   1   3   3
   3   3   3   3   3   3   3   2   2   2
   0   0   0   0   0   0   0   1   1   1
   1   1   1   1   1   1   3   3   3   3
   2   2   2   2   2   0   0   0   0   0
   0   0   0   0   0   1   1   1   1   1
   3   3   3   3   2   2   2   2   2   2
   2   2   2   0   0   0   0   0   0   0
   1   1   1   3   3   3   3   3   3   3
   3   3   2   2   2   2   2   2   2   0
   0   0   1   1   1   1   1   1   1   3
---- 58-EDO (Porcupine[7]) ----
primary_step=8, secondary_step=10, sharpness=-2, num_cycles=2
   5   5   4   2   2   2   2   2   2   2
   1   3   5   5   5   5   5   5   4   2
   3   5   5   5   5   5   5   4   2   2
   1   1   1   1   1   1   3   5   5   5
   1   1   1   1   1   3   5   5   5   5
   0   0   0   0   1   1   1   1   1   1
   0   0   0   1   1   1   1   1   1   1
   2   2   0   0   0   0   0   0   0   1
   2   0   0   0   0   0   0   0   1   1
   2   2   2   2   2   2   2   0   0   0
   2   2   2   2   2   2   0   0   0   0
---- 59-EDO (Meantone[7]) ----
primary_step=11, secondary_step=2, sharpness=9, num_cycles=1
   9   9  11  10  10  10   8   8   6   6
   7   7   9   9   9  11  10  10   8   8
   5   5   7   7   7   9   9  11  10  10
   3   3   5   5   5   7   7   9   9   9
   1   1   3   3   3   5   5   7   7   7
   0   0   1   1   1   3   3   5   5   5
   2   0   0   0   0   1   1   3   3   3
   4   2   2   2   0   0   0   1   1   1
   6   4   4   4   2   2   0   0   0   0
   8   6   6   6   4   4   2   2   2   0
  10   8   8   8   6   6   4   4   4   2
---- 59-EDO (Porcupine[8]) ----
primary_step=8, secondary_step=3, sharpness=5, num_cycles=1
   6   6   6   6   6   6   4   4   4   4
   7   7   7   7   7   7   6   6   6   6
   5   5   5   5   5   5   7   7   7   7
   3   3   3   3   3   3   5   5   5   5
   1   1   1   1   1   1   3   3   3   3
   0   0   0   0   0   1   1   1   1   1
   2   2   2   2   0   0   0   0   0   0
   4   4   4   2   2   2   2   2   2   2
   6   6   6   4   4   4   4   4   4   4
   7   7   7   6   6   6   6   6   6   6
   5   5   5   7   7   7   7   7   7   7
---- 59-EDO (Porcupine[7]) ----
primary_step=8, secondary_step=11, sharpness=-3, num_cycles=1
  11  11  11  10   8   6   6   6   6   6
   5   7   9  11  11  11  11  11  11  10
   5   5   5   5   5   5   5   7   9  11
   3   3   3   3   3   3   5   5   5   5
   1   1   1   1   1   3   3   3   3   3
   0   0   0   0   1   1   1   1   1   1
   2   2   2   0   0   0   0   0   0   0
   4   4   2   2   2   2   2   2   2   0
   6   4   4   4   4   4   4   4   2   2
   6   6   6   6   6   6   6   4   4   4
  11  11  11  11  10   8   6   6   6   6
---- 60-EDO (Meantone[7]) ----
primary_step=10, secondary_step=5, sharpness=5, num_cycles=5
   0   0   0   0   1   1   0   0   0   0
   1   1   1   0   0   0   1   1   1   0
   1   1   0   0   0   1   1   1   0   0
   1   0   0   0   1   1   1   0   0   0
   0   0   0   1   1   1   0   0   0   1
   0   0   1   1   1   0   0   0   1   1
   1   0   0   0   0   1   1   0   0   0
   0   0   0   0   1   1   0   0   0   0
   0   0   0   1   1   0   0   0   0   1
   0   0   1   1   0   0   0   0   1   1
   0   1   1   0   0   0   0   1   1   0
---- 61-EDO (Meantone[7]) ----
primary_step=11, secondary_step=3, sharpness=8, num_cycles=1
   7   9   9  10  10  10   8   8   6   6
   5   7   7   9   9   9  10  10   8   8
   3   5   5   7   7   7   9   9  10  10
   1   3   3   5   5   5   7   7   9   9
   1   1   1   3   3   3   5   5   7   7
   0   0   1   1   1   1   3   3   5   5
   2   0   0   0   0   1   1   1   3   3
   2   2   2   2   0   0   0   1   1   1
   4   4   4   2   2   2   0   0   0   0
   6   6   6   4   4   2   2   2   2   0
   8   8   8   6   6   4   4   4   2   2
---- 62-EDO (Meantone[7]) ----
primary_step=10, secondary_step=6, sharpness=4, num_cycles=2
   0   0   0   0   1   1   1   3   3   3
   0   0   0   1   1   1   3   3   3   4
   3   3   4   4   2   2   2   2   0   0
   3   4   4   2   2   2   2   0   0   0
   0   0   0   1   1   1   1   3   3   4
   0   0   1   1   1   1   3   3   4   4
   3   4   4   4   2   2   2   0   0   0
   4   4   4   2   2   2   0   0   0   0
   0   0   0   1   1   1   3   3   3   4
   0   0   1   1   1   3   3   3   4   4
   3   4   4   2   2   2   2   0   0   0
---- 63-EDO (Meantone[7]) ----
primary_step=11, secondary_step=4, sharpness=7, num_cycles=1
   7   9   9  11  10  10  10   8   8   6
   5   7   7   9   9   9  11  10  10   8
   3   5   5   7   7   7   9   9  11  10
   1   3   3   5   5   5   7   7   9   9
   1   1   1   3   3   3   5   5   7   7
   0   0   1   1   1   1   3   3   5   5
   2   0   0   0   0   1   1   1   3   3
   2   2   2   2   0   0   0   1   1   1
   4   4   4   2   2   2   0   0   0   0
   6   6   6   4   4   2   2   2   2   0
   8   8   8   6   6   4   4   4   2   2
---- 64-EDO (Meantone[7]) ----
primary_step=10, secondary_step=7, sharpness=3, num_cycles=1
   7   7   7   9   9   8   8   8   6   6
   5   5   5   7   7   9   9   9   8   8
   3   3   5   5   5   7   7   7   9   9
   1   3   3   3   5   5   5   5   7   7
   1   1   1   3   3   3   3   5   5   5
   0   0   1   1   1   1   3   3   3   5
   2   0   0   0   0   1   1   1   3   3
   2   2   2   2   0   0   0   1   1   1
   4   4   4   2   2   2   0   0   0   0
   6   6   4   4   4   2   2   2   2   0
   8   6   6   6   4   4   4   4   2   2
---- 64-EDO (Porcupine[8]) ----
primary_step=9, secondary_step=1, sharpness=8, num_cycles=1
   8   8   8   8   8   6   6   6   6   6
   7   7   7   7   7   8   8   8   8   8
   5   5   5   5   5   7   7   7   7   7
   3   3   3   3   3   5   5   5   5   5
   1   1   1   1   1   3   3   3   3   3
   0   0   0   0   0   1   1   1   1   1
   2   2   2   2   0   0   0   0   0   0
   4   4   4   4   2   2   2   2   2   2
   6   6   6   6   4   4   4   4   4   4
   8   8   8   8   6   6   6   6   6   6
   7   7   7   7   8   8   8   8   8   8
---- 64-EDO (Porcupine[7]) ----
primary_step=9, secondary_step=10, sharpness=-1, num_cycles=1
   7   7   9   8   8   8   8   8   8   8
   5   7   7   7   7   7   7   7   9   8
   5   5   5   5   5   5   5   7   7   7
   3   3   3   3   3   3   5   5   5   5
   1   1   1   1   1   3   3   3   3   3
   0   0   0   0   1   1   1   1   1   1
   2   2   2   0   0   0   0   0   0   0
   4   4   2   2   2   2   2   2   2   0
   6   4   4   4   4   4   4   4   2   2
   6   6   6   6   6   6   6   4   4   4
   8   8   8   8   8   8   6   6   6   6
---- 65-EDO (Meantone[7]) ----
primary_step=11, secondary_step=5, sharpness=6, num_cycles=1
   7   7   9   9  10  10  10   8   8   6
   5   5   7   7   9   9   9  10  10   8
   3   3   5   5   7   7   7   9   9  10
   1   3   3   3   5   5   5   7   7   9
   1   1   1   3   3   3   3   5   5   7
   0   0   1   1   1   1   3   3   3   5
   2   0   0   0   0   1   1   1   3   3
   2   2   2   2   0   0   0   1   1   1
   4   4   4   2   2   2   0   0   0   0
   6   6   4   4   4   2   2   2   2   0
   8   8   6   6   4   4   4   4   2   2
---- 65-EDO (Porcupine[8]) ----
primary_step=9, secondary_step=2, sharpness=7, num_cycles=1
   8   8   8   8   8   8   6   6   6   6
   7   7   7   7   7   9   8   8   8   8
   5   5   5   5   5   7   7   7   7   7
   3   3   3   3   3   5   5   5   5   5
   1   1   1   1   1   3   3   3   3   3
   0   0   0   0   0   1   1   1   1   1
   2   2   2   2   0   0   0   0   0   0
   4   4   4   4   2   2   2   2   2   2
   6   6   6   6   4   4   4   4   4   4
   8   8   8   8   6   6   6   6   6   6
   7   7   7   9   8   8   8   8   8   8
---- 65-EDO (Porcupine[7]) ----
primary_step=9, secondary_step=11, sharpness=-2, num_cycles=1
   7   7   9  10   8   8   8   8   8   8
   5   7   7   7   7   7   7   7   9  10
   5   5   5   5   5   5   5   7   7   7
   3   3   3   3   3   3   5   5   5   5
   1   1   1   1   1   3   3   3   3   3
   0   0   0   0   1   1   1   1   1   1
   2   2   2   0   0   0   0   0   0   0
   4   4   2   2   2   2   2   2   2   0
   6   4   4   4   4   4   4   4   2   2
   6   6   6   6   6   6   6   4   4   4
   8   8   8   8   8   8   6   6   6   6
---- 66-EDO (Meantone[7]) ----
primary_step=12, secondary_step=3, sharpness=9, num_cycles=3
   1   3   3   3   2   2   0   0   0   0
   3   3   3   2   2   0   0   0   0   1
   3   3   2   2   0   0   0   0   1   1
   2   0   0   0   1   1   1   3   3   2
   0   0   0   1   1   1   3   3   2   2
   0   0   1   1   1   3   3   2   2   2
   1   3   3   3   2   2   0   0   0   0
   3   3   3   2   2   0   0   0   0   1
   3   3   2   2   0   0   0   0   1   1
   2   0   0   0   1   1   1   3   3   2
   0   0   0   1   1   1   3   3   2   2
---- 66-EDO (Porcupine[8]) ----
primary_step=9, secondary_step=3, sharpness=6, num_cycles=3
   2   0   0   0   0   0   0   0   0   1
   0   1   1   1   1   1   1   1   2   2
   1   1   1   1   1   1   1   2   2   2
   2   2   2   2   2   2   0   0   0   0
   0   0   0   0   0   0   1   1   1   1
   0   0   0   0   0   1   1   1   1   1
   1   1   1   1   2   2   2   2   2   2
   2   2   2   0   0   0   0   0   0   0
   2   2   0   0   0   0   0   0   0   0
   0   0   1   1   1   1   1   1   1   2
   1   2   2   2   2   2   2   2   0   0
---- 66-EDO (Porcupine[7]) ----
primary_step=9, secondary_step=12, sharpness=-3, num_cycles=3
   1   1   3   2   2   2   2   2   2   2
   1   3   2   2   2   2   2   2   2   0
   1   1   1   1   1   1   1   3   2   2
   1   1   1   1   1   1   3   2   2   2
   1   1   1   1   1   3   2   2   2   2
   0   0   0   0   1   1   1   1   1   1
   0   0   0   1   1   1   1   1   1   1
   0   0   1   1   1   1   1   1   1   3
   2   0   0   0   0   0   0   0   1   1
   0   0   0   0   0   0   0   1   1   1
   0   0   0   0   0   0   1   1   1   1
---- 67-EDO (Meantone[7]) ----
primary_step=11, secondary_step=6, sharpness=5, num_cycles=1
   7   7   9   9  11  10  10  10   8   8
   5   5   7   7   9   9   9  11  10  10
   3   3   5   5   7   7   7   9   9  11
   1   3   3   3   5   5   5   7   7   9
   1   1   1   3   3   3   3   5   5   7
   0   0   1   1   1   1   3   3   3   5
   2   0   0   0   0   1   1   1   3   3
   2   2   2   2   0   0   0   1   1   1
   4   4   4   2   2   2   0   0   0   0
   6   6   4   4   4   2   2   2   2   0
   8   8   6   6   4   4   4   4   2   2
---- 68-EDO (Meantone[7]) ----
primary_step=12, secondary_step=4, sharpness=8, num_cycles=4
   0   1   1   1   2   2   0   0   0   0
   1   1   1   2   2   0   0   0   0   1
   2   2   0   0   0   1   1   1   2   2
   2   0   0   0   1   1   1   2   2   0
   0   0   0   1   1   1   2   2   0   0
   0   0   1   1   1   2   2   0   0   0
   1   2   2   2   0   0   0   1   1   1
   2   2   2   0   0   0   1   1   1   2
   2   2   0   0   0   1   1   1   2   2
   2   0   0   0   1   1   1   2   2   0
   0   1   1   2   2   2   0   0   0   1
---- 69-EDO (Meantone[7]) ----
primary_step=11, secondary_step=7, sharpness=4, num_cycles=1
   7   7   7   9   9  10  10  10   8   8
   5   5   5   7   7   9   9   9  10  10
   3   3   5   5   5   7   7   7   9   9
   1   3   3   3   5   5   5   5   7   7
   1   1   1   3   3   3   3   5   5   5
   0   0   1   1   1   1   3   3   3   5
   2   0   0   0   0   1   1   1   3   3
   2   2   2   2   0   0   0   1   1   1
   4   4   4   2   2   2   0   0   0   0
   6   6   4   4   4   2   2   2   2   0
   8   6   6   6   4   4   4   4   2   2
---- 70-EDO (Meantone[7]) ----
primary_step=12, secondary_step=5, sharpness=7, num_cycles=1
   7   7   9   9  11  11  11  10  10   8
   5   5   7   7   9   9   9  11  11  10
   3   3   5   5   7   7   7   9   9  11
   1   3   3   3   5   5   5   7   7   9
   1   1   1   3   3   3   3   5   5   7
   0   0   1   1   1   1   3   3   3   5
   2   0   0   0   0   1   1   1   3   3
   2   2   2   2   0   0   0   1   1   1
   4   4   4   2   2   2   0   0   0   0
   6   6   4   4   4   2   2   2   2   0
   8   8   6   6   4   4   4   4   2   2
---- 71-EDO (Meantone[7]) ----
primary_step=13, secondary_step=3, sharpness=10, num_cycles=1
   7   9   9  11  11  11  12  12  10  10
   5   7   7   9   9   9  11  11  12  12
   3   5   5   7   7   7   9   9  11  11
   1   3   3   5   5   5   7   7   9   9
   1   1   1   3   3   3   5   5   7   7
   0   0   1   1   1   1   3   3   5   5
   2   0   0   0   0   1   1   1   3   3
   2   2   2   2   0   0   0   1   1   1
   4   4   4   2   2   2   0   0   0   0
   6   6   6   4   4   2   2   2   2   0
   8   8   8   6   6   4   4   4   2   2
---- 72-EDO (Meantone[7]) ----
primary_step=12, secondary_step=6, sharpness=6, num_cycles=6
   0   1   1   1   0   0   0   1   1   1
   1   1   1   0   0   0   1   1   1   0
   1   1   0   0   0   1   1   1   0   0
   1   0   0   0   1   1   1   0   0   0
   0   0   0   1   1   1   0   0   0   1
   0   0   1   1   1   0   0   0   1   1
   1   0   0   0   0   1   1   0   0   0
   0   0   0   0   1   1   0   0   0   0
   0   0   0   1   1   0   0   0   0   1
   0   0   1   1   0   0   0   0   1   1
   0   1   1   0   0   0   0   1   1   0
---- 72-EDO (Porcupine[8]) ----
primary_step=10, secondary_step=2, sharpness=8, num_cycles=2
   3   3   4   4   4   4   4   4   4   2
   3   4   4   4   4   4   4   4   2   2
   2   2   2   2   2   2   2   0   0   0
   2   2   2   2   2   2   0   0   0   0
   0   0   0   0   0   0   1   1   1   1
   0   0   0   0   0   1   1   1   1   1
   1   1   1   1   3   3   3   3   3   3
   1   1   1   3   3   3   3   3   3   3
   3   3   4   4   4   4   4   4   4   2
   3   4   4   4   4   4   4   4   2   2
   2   2   2   2   2   2   2   0   0   0
---- 72-EDO (Porcupine[7]) ----
primary_step=10, secondary_step=12, sharpness=-2, num_cycles=2
   3   3   5   4   4   4   4   4   4   4
   1   3   3   3   3   3   3   3   5   4
   3   3   3   3   3   3   3   5   4   4
   1   1   1   1   1   1   3   3   3   3
   1   1   1   1   1   3   3   3   3   3
   0   0   0   0   1   1   1   1   1   1
   0   0   0   1   1   1   1   1   1   1
   2   2   0   0   0   0   0   0   0   1
   2   0   0   0   0   0   0   0   1   1
   2   2   2   2   2   2   2   0   0   0
   2   2   2   2   2   2   0   0   0   0
---- 73-EDO (Meantone[7]) ----
primary_step=13, secondary_step=4, sharpness=9, num_cycles=1
   7   9   9  11  11  11  13  12  12  10
   5   7   7   9   9   9  11  11  13  12
   3   5   5   7   7   7   9   9  11  11
   1   3   3   5   5   5   7   7   9   9
   1   1   1   3   3   3   5   5   7   7
   0   0   1   1   1   1   3   3   5   5
   2   0   0   0   0   1   1   1   3   3
   2   2   2   2   0   0   0   1   1   1
   4   4   4   2   2   2   0   0   0   0
   6   6   6   4   4   2   2   2   2   0
   8   8   8   6   6   4   4   4   2   2
---- 73-EDO (Porcupine[8]) ----
primary_step=10, secondary_step=3, sharpness=7, num_cycles=1
   9   9   9   9   9   9   8   8   8   8
   7   7   7   7   7   7   9   9   9   9
   5   5   5   5   5   5   7   7   7   7
   3   3   3   3   3   3   5   5   5   5
   1   1   1   1   1   1   3   3   3   3
   0   0   0   0   0   1   1   1   1   1
   2   2   2   2   0   0   0   0   0   0
   4   4   4   2   2   2   2   2   2   2
   6   6   6   4   4   4   4   4   4   4
   8   8   8   6   6   6   6   6   6   6
   9   9   9   8   8   8   8   8   8   8
---- 73-EDO (Porcupine[7]) ----
primary_step=10, secondary_step=13, sharpness=-3, num_cycles=1
   7   7   9  11  13  13  13  13  13  13
   5   7   7   7   7   7   7   7   9  11
   5   5   5   5   5   5   5   7   7   7
   3   3   3   3   3   3   5   5   5   5
   1   1   1   1   1   3   3   3   3   3
   0   0   0   0   1   1   1   1   1   1
   2   2   2   0   0   0   0   0   0   0
   4   4   2   2   2   2   2   2   2   0
   6   4   4   4   4   4   4   4   2   2
   6   6   6   6   6   6   6   4   4   4
   8   8   8   8   8   8   6   6   6   6
---- 74-EDO (Meantone[7]) ----
primary_step=12, secondary_step=7, sharpness=5, num_cycles=1
   7   7   7   9   9  11  11  11  10  10
   5   5   5   7   7   9   9   9  11  11
   3   3   5   5   5   7   7   7   9   9
   1   3   3   3   5   5   5   5   7   7
   1   1   1   3   3   3   3   5   5   5
   0   0   1   1   1   1   3   3   3   5
   2   0   0   0   0   1   1   1   3   3
   2   2   2   2   0   0   0   1   1   1
   4   4   4   2   2   2   0   0   0   0
   6   6   4   4   4   2   2   2   2   0
   8   6   6   6   4   4   4   4   2   2
---- 75-EDO (Meantone[7]) ----
primary_step=13, secondary_step=5, sharpness=8, num_cycles=1
   7   7   9   9  11  11  11  12  12  10
   5   5   7   7   9   9   9  11  11  12
   3   3   5   5   7   7   7   9   9  11
   1   3   3   3   5   5   5   7   7   9
   1   1   1   3   3   3   3   5   5   7
   0   0   1   1   1   1   3   3   3   5
   2   0   0   0   0   1   1   1   3   3
   2   2   2   2   0   0   0   1   1   1
   4   4   4   2   2   2   0   0   0   0
   6   6   4   4   4   2   2   2   2   0
   8   8   6   6   4   4   4   4   2   2
---- 76-EDO (Meantone[7]) ----
primary_step=12, secondary_step=8, sharpness=4, num_cycles=4
   0   0   0   0   1   1   3   2   2   2
   0   0   0   1   1   3   2   2   2   0
   2   2   0   0   0   1   1   1   3   2
   2   0   0   0   1   1   1   3   2   2
   0   0   0   1   1   1   3   2   2   0
   0   0   1   1   1   3   2   2   0   0
   2   0   0   0   0   1   1   3   2   2
   0   0   0   0   1   1   3   2   2   2
   0   0   0   1   1   3   2   2   2   0
   0   0   1   1   3   2   2   2   0   0
   2   0   0   0   1   1   1   3   2   2
---- 77-EDO (Meantone[7]) ----
primary_step=13, secondary_step=6, sharpness=7, num_cycles=1
   7   7   9   9  11  11  11  13  12  12
   5   5   7   7   9   9   9  11  11  13
   3   3   5   5   7   7   7   9   9  11
   1   3   3   3   5   5   5   7   7   9
   1   1   1   3   3   3   3   5   5   7
   0   0   1   1   1   1   3   3   3   5
   2   0   0   0   0   1   1   1   3   3
   2   2   2   2   0   0   0   1   1   1
   4   4   4   2   2   2   0   0   0   0
   6   6   4   4   4   2   2   2   2   0
   8   8   6   6   4   4   4   4   2   2
---- 78-EDO (Meantone[7]) ----
primary_step=14, secondary_step=4, sharpness=10, num_cycles=2
   0   0   0   1   1   3   3   3   5   5
   1   1   3   3   5   5   5   7   6   6
   2   0   0   0   1   1   1   3   3   5
   0   1   1   3   3   3   5   5   7   6
   2   2   0   0   0   0   1   1   3   3
   0   0   1   1   1   3   3   5   5   5
   4   2   2   2   0   0   0   1   1   1
   0   0   0   0   1   1   3   3   3   5
   4   4   4   2   2   0   0   0   0   1
   2   2   0   0   0   1   1   1   3   3
   6   6   4   4   2   2   2   0   0   0
---- 79-EDO (Meantone[7]) ----
primary_step=13, secondary_step=7, sharpness=6, num_cycles=1
   7   7   7   9   9  11  11  11  12  12
   5   5   5   7   7   9   9   9  11  11
   3   3   5   5   5   7   7   7   9   9
   1   3   3   3   5   5   5   5   7   7
   1   1   1   3   3   3   3   5   5   5
   0   0   1   1   1   1   3   3   3   5
   2   0   0   0   0   1   1   1   3   3
   2   2   2   2   0   0   0   1   1   1
   4   4   4   2   2   2   0   0   0   0
   6   6   4   4   4   2   2   2   2   0
   8   6   6   6   4   4   4   4   2   2
---- 79-EDO (Porcupine[8]) ----
primary_step=11, secondary_step=2, sharpness=9, num_cycles=1
   9   9   9   9   9  11  10  10  10  10
   7   7   7   7   7   9   9   9   9   9
   5   5   5   5   5   7   7   7   7   7
   3   3   3   3   3   5   5   5   5   5
   1   1   1   1   1   3   3   3   3   3
   0   0   0   0   0   1   1   1   1   1
   2   2   2   2   0   0   0   0   0   0
   4   4   4   4   2   2   2   2   2   2
   6   6   6   6   4   4   4   4   4   4
   8   8   8   8   6   6   6   6   6   6
  10  10  10  10   8   8   8   8   8   8
---- 79-EDO (Porcupine[7]) ----
primary_step=11, secondary_step=13, sharpness=-2, num_cycles=1
   7   7   9   9   9   9   9   9   9  11
   5   7   7   7   7   7   7   7   9   9
   5   5   5   5   5   5   5   7   7   7
   3   3   3   3   3   3   5   5   5   5
   1   1   1   1   1   3   3   3   3   3
   0   0   0   0   1   1   1   1   1   1
   2   2   2   0   0   0   0   0   0   0
   4   4   2   2   2   2   2   2   2   0
   6   4   4   4   4   4   4   4   2   2
   6   6   6   6   6   6   6   4   4   4
   8   8   8   8   8   8   6   6   6   6
---- 80-EDO (Meantone[7]) ----
primary_step=14, secondary_step=5, sharpness=9, num_cycles=1
   7   7   9   9  11  11  11  13  13  12
   5   5   7   7   9   9   9  11  11  13
   3   3   5   5   7   7   7   9   9  11
   1   3   3   3   5   5   5   7   7   9
   1   1   1   3   3   3   3   5   5   7
   0   0   1   1   1   1   3   3   3   5
   2   0   0   0   0   1   1   1   3   3
   2   2   2   2   0   0   0   1   1   1
   4   4   4   2   2   2   0   0   0   0
   6   6   4   4   4   2   2   2   2   0
   8   8   6   6   4   4   4   4   2   2
---- 80-EDO (Porcupine[8]) ----
primary_step=11, secondary_step=3, sharpness=8, num_cycles=1
   9   9   9   9   9   9  10  10  10  10
   7   7   7   7   7   7   9   9   9   9
   5   5   5   5   5   5   7   7   7   7
   3   3   3   3   3   3   5   5   5   5
   1   1   1   1   1   1   3   3   3   3
   0   0   0   0   0   1   1   1   1   1
   2   2   2   2   0   0   0   0   0   0
   4   4   4   2   2   2   2   2   2   2
   6   6   6   4   4   4   4   4   4   4
   8   8   8   6   6   6   6   6   6   6
  10  10  10   8   8   8   8   8   8   8
---- 80-EDO (Porcupine[7]) ----
primary_step=11, secondary_step=14, sharpness=-3, num_cycles=1
   7   7   9   9   9   9   9   9   9  11
   5   7   7   7   7   7   7   7   9   9
   5   5   5   5   5   5   5   7   7   7
   3   3   3   3   3   3   5   5   5   5
   1   1   1   1   1   3   3   3   3   3
   0   0   0   0   1   1   1   1   1   1
   2   2   2   0   0   0   0   0   0   0
   4   4   2   2   2   2   2   2   2   0
   6   4   4   4   4   4   4   4   2   2
   6   6   6   6   6   6   6   4   4   4
   8   8   8   8   8   8   6   6   6   6
---- 81-EDO (Meantone[7]) ----
primary_step=13, secondary_step=8, sharpness=5, num_cycles=1
   7   7   7   9   9  11  11  11  13  12
   5   5   5   7   7   9   9   9  11  11
   3   3   5   5   5   7   7   7   9   9
   1   3   3   3   5   5   5   5   7   7
   1   1   1   3   3   3   3   5   5   5
   0   0   1   1   1   1   3   3   3   5
   2   0   0   0   0   1   1   1   3   3
   2   2   2   2   0   0   0   1   1   1
   4   4   4   2   2   2   0   0   0   0
   6   6   4   4   4   2   2   2   2   0
   8   6   6   6   4   4   4   4   2   2
---- 82-EDO (Meantone[7]) ----
primary_step=14, secondary_step=6, sharpness=8, num_cycles=2
   3   5   5   5   6   6   4   4   4   2
   5   5   5   6   6   4   4   4   2   2
   1   1   1   3   3   5   5   5   6   6
   1   1   3   3   5   5   5   6   6   4
   0   0   0   1   1   1   1   3   3   5
   0   0   1   1   1   1   3   3   5   5
   2   2   2   2   0   0   0   1   1   1
   2   2   2   0   0   0   1   1   1   1
   6   6   4   4   2   2   2   2   0   0
   6   4   4   2   2   2   2   0   0   0
   3   5   5   6   6   6   4   4   2   2
---- 83-EDO (Meantone[7]) ----
primary_step=15, secondary_step=4, sharpness=11, num_cycles=1
   7   9   9  11  11  11  13  13  15  14
   5   7   7   9   9   9  11  11  13  13
   3   5   5   7   7   7   9   9  11  11
   1   3   3   5   5   5   7   7   9   9
   1   1   1   3   3   3   5   5   7   7
   0   0   1   1   1   1   3   3   5   5
   2   0   0   0   0   1   1   1   3   3
   2   2   2   2   0   0   0   1   1   1
   4   4   4   2   2   2   0   0   0   0
   6   6   6   4   4   2   2   2   2   0
   8   8   8   6   6   4   4   4   2   2
---- 84-EDO (Meantone[7]) ----
primary_step=14, secondary_step=7, sharpness=7, num_cycles=7
   0   1   1   1   0   0   0   1   1   1
   1   1   1   0   0   0   1   1   1   0
   1   1   0   0   0   1   1   1   0   0
   1   0   0   0   1   1   1   0   0   0
   0   0   0   1   1   1   0   0   0   1
   0   0   1   1   1   0   0   0   1   1
   1   0   0   0   0   1   1   0   0   0
   0   0   0   0   1   1   0   0   0   0
   0   0   0   1   1   0   0   0   0   1
   0   0   1   1   0   0   0   0   1   1
   0   1   1   0   0   0   0   1   1   0
---- 85-EDO (Meantone[7]) ----
primary_step=15, secondary_step=5, sharpness=10, num_cycles=5
   0   0   0   0   1   1   2   2   2   0
   1   1   1   2   2   0   0   0   0   1
   1   1   2   2   0   0   0   0   1   1
   2   0   0   0   1   1   1   2   2   0
   0   0   0   1   1   1   2   2   0   0
   0   0   1   1   1   2   2   0   0   0
   1   2   2   2   0   0   0   1   1   1
   2   2   2   0   0   0   1   1   1   2
   0   0   0   1   1   2   2   2   0   0
   0   0   1   1   2   2   2   0   0   0
   0   1   1   2   2   2   0   0   0   1
---- 86-EDO (Meantone[7]) ----
primary_step=14, secondary_step=8, sharpness=6, num_cycles=2
   2   2   2   0   0   0   1   1   1   1
   1   1   1   3   3   5   5   5   7   6
   4   2   2   2   0   0   0   0   1   1
   0   1   1   1   3   3   3   5   5   7
   4   4   2   2   2   2   0   0   0   1
   0   0   1   1   1   1   3   3   5   5
   6   4   4   4   2   2   2   0   0   0
   0   0   0   0   1   1   1   3   3   3
   6   6   6   4   4   2   2   2   2   0
   2   2   0   0   0   1   1   1   1   3
   5   7   6   6   4   4   4   2   2   2
---- 86-EDO (Porcupine[8]) ----
primary_step=12, secondary_step=2, sharpness=10, num_cycles=2
   0   0   0   0   0   0   0   0   1   1
   3   3   3   3   3   3   3   5   5   5
   2   2   2   2   2   2   0   0   0   0
   1   1   1   1   1   1   3   3   3   3
   4   4   4   4   4   2   2   2   2   2
   0   0   0   0   0   1   1   1   1   1
   5   5   5   5   4   4   4   4   4   4
   2   2   2   0   0   0   0   0   0   0
   3   3   3   5   5   5   5   5   5   5
   4   4   2   2   2   2   2   2   2   0
   1   1   3   3   3   3   3   3   3   5
---- 86-EDO (Porcupine[7]) ----
primary_step=12, secondary_step=14, sharpness=-2, num_cycles=2
   3   3   5   7   7   7   7   7   7   6
   1   3   3   3   3   3   3   3   5   7
   3   3   3   3   3   3   3   5   7   7
   1   1   1   1   1   1   3   3   3   3
   1   1   1   1   1   3   3   3   3   3
   0   0   0   0   1   1   1   1   1   1
   0   0   0   1   1   1   1   1   1   1
   2   2   0   0   0   0   0   0   0   1
   2   0   0   0   0   0   0   0   1   1
   2   2   2   2   2   2   2   0   0   0
   2   2   2   2   2   2   0   0   0   0
---- 87-EDO (Meantone[7]) ----
primary_step=15, secondary_step=6, sharpness=9, num_cycles=3
   0   1   1   1   3   3   5   4   4   4
   1   1   1   3   3   5   4   4   4   2
   1   1   3   3   5   4   4   4   2   2
   2   0   0   0   1   1   1   3   3   5
   0   0   0   1   1   1   3   3   5   4
   0   0   1   1   1   3   3   5   4   4
   4   2   2   2   0   0   0   1   1   1
   2   2   2   0   0   0   1   1   1   3
   2   2   0   0   0   1   1   1   3   3
   3   5   4   4   2   2   2   0   0   0
   5   4   4   2   2   2   0   0   0   1
---- 87-EDO (Porcupine[8]) ----
primary_step=12, secondary_step=3, sharpness=9, num_cycles=3
   3   3   2   2   2   2   2   2   2   0
   3   2   2   2   2   2   2   2   0   0
   2   2   2   2   2   2   2   0   0   0
   0   0   0   0   0   0   0   1   1   1
   0   0   0   0   0   0   1   1   1   1
   0   0   0   0   0   1   1   1   1   1
   1   1   1   1   3   3   3   3   3   3
   1   1   1   3   3   3   3   3   3   3
   1   1   3   3   3   3   3   3   3   2
   3   2   2   2   2   2   2   2   0   0
   2   2   2   2   2   2   2   0   0   0
---- 87-EDO (Porcupine[7]) ----
primary_step=12, secondary_step=15, sharpness=-3, num_cycles=3
   1   1   3   5   5   5   5   5   5   4
   1   3   5   5   5   5   5   5   4   2
   1   1   1   1   1   1   1   3   5   5
   1   1   1   1   1   1   3   5   5   5
   1   1   1   1   1   3   5   5   5   5
   0   0   0   0   1   1   1   1   1   1
   0   0   0   1   1   1   1   1   1   1
   0   0   1   1   1   1   1   1   1   3
   2   0   0   0   0   0   0   0   1   1
   0   0   0   0   0   0   0   1   1   1
   0   0   0   0   0   0   1   1   1   1
---- 88-EDO (Meantone[7]) ----
primary_step=14, secondary_step=9, sharpness=5, num_cycles=1
   7   7   7   7   9   9  11  11  11  13
   5   5   5   7   7   7   9   9   9  11
   3   3   5   5   5   7   7   7   7   9
   1   3   3   3   5   5   5   5   7   7
   1   1   1   3   3   3   3   5   5   5
   0   0   1   1   1   1   3   3   3   5
   2   0   0   0   0   1   1   1   3   3
   2   2   2   2   0   0   0   1   1   1
   4   4   4   2   2   2   0   0   0   0
   6   6   4   4   4   2   2   2   2   0
   8   6   6   6   4   4   4   4   2   2
---- 89-EDO (Meantone[7]) ----
primary_step=15, secondary_step=7, sharpness=8, num_cycles=1
   7   7   7   9   9  11  11  11  13  13
   5   5   5   7   7   9   9   9  11  11
   3   3   5   5   5   7   7   7   9   9
   1   3   3   3   5   5   5   5   7   7
   1   1   1   3   3   3   3   5   5   5
   0   0   1   1   1   1   3   3   3   5
   2   0   0   0   0   1   1   1   3   3
   2   2   2   2   0   0   0   1   1   1
   4   4   4   2   2   2   0   0   0   0
   6   6   4   4   4   2   2   2   2   0
   8   6   6   6   4   4   4   4   2   2
---- 90-EDO (Meantone[7]) ----
primary_step=16, secondary_step=5, sharpness=11, num_cycles=1
   7   7   9   9  11  11  11  13  13  15
   5   5   7   7   9   9   9  11  11  13
   3   3   5   5   7   7   7   9   9  11
   1   3   3   3   5   5   5   7   7   9
   1   1   1   3   3   3   3   5   5   7
   0   0   1   1   1   1   3   3   3   5
   2   0   0   0   0   1   1   1   3   3
   2   2   2   2   0   0   0   1   1   1
   4   4   4   2   2   2   0   0   0   0
   6   6   4   4   4   2   2   2   2   0
   8   8   6   6   4   4   4   4   2   2
---- 91-EDO (Meantone[7]) ----
primary_step=15, secondary_step=8, sharpness=7, num_cycles=1
   7   7   7   9   9  11  11  11  13  13
   5   5   5   7   7   9   9   9  11  11
   3   3   5   5   5   7   7   7   9   9
   1   3   3   3   5   5   5   5   7   7
   1   1   1   3   3   3   3   5   5   5
   0   0   1   1   1   1   3   3   3   5
   2   0   0   0   0   1   1   1   3   3
   2   2   2   2   0   0   0   1   1   1
   4   4   4   2   2   2   0   0   0   0
   6   6   4   4   4   2   2   2   2   0
   8   6   6   6   4   4   4   4   2   2
---- 92-EDO (Meantone[7]) ----
primary_step=16, secondary_step=6, sharpness=10, num_cycles=2
   5   5   5   7   7   6   6   6   4   4
   1   1   1   3   3   5   5   5   7   7
   3   3   5   5   7   7   7   6   6   4
   0   1   1   1   3   3   3   5   5   7
   1   3   3   5   5   5   7   7   6   6
   0   0   1   1   1   1   3   3   5   5
   1   1   3   3   3   5   5   7   7   7
   0   0   0   0   1   1   1   3   3   3
   1   1   1   1   3   3   5   5   5   7
   2   2   0   0   0   1   1   1   1   3
   0   0   1   1   1   3   3   3   5   5
---- 93-EDO (Meantone[7]) ----
primary_step=15, secondary_step=9, sharpness=6, num_cycles=3
   4   4   4   2   2   2   0   0   0   0
   0   0   0   1   1   1   3   3   3   4
   0   0   1   1   1   3   3   3   4   4
   3   4   4   2   2   2   2   0   0   0
   0   0   0   1   1   1   1   3   3   4
   0   0   1   1   1   1   3   3   4   4
   3   4   4   4   2   2   2   0   0   0
   0   0   0   0   1   1   1   3   3   3
   0   0   0   1   1   1   3   3   3   4
   3   3   4   4   2   2   2   2   0   0
   2   0   0   0   1   1   1   1   3   3
---- 93-EDO (Porcupine[8]) ----
primary_step=13, secondary_step=2, sharpness=11, num_cycles=1
   9   9   9   9   9  11  11  11  11  11
   7   7   7   7   7   9   9   9   9   9
   5   5   5   5   5   7   7   7   7   7
   3   3   3   3   3   5   5   5   5   5
   1   1   1   1   1   3   3   3   3   3
   0   0   0   0   0   1   1   1   1   1
   2   2   2   2   0   0   0   0   0   0
   4   4   4   4   2   2   2   2   2   2
   6   6   6   6   4   4   4   4   4   4
   8   8   8   8   6   6   6   6   6   6
  10  10  10  10   8   8   8   8   8   8
---- 93-EDO (Porcupine[7]) ----
primary_step=13, secondary_step=15, sharpness=-2, num_cycles=1
   7   7   9   9   9   9   9   9   9  11
   5   7   7   7   7   7   7   7   9   9
   5   5   5   5   5   5   5   7   7   7
   3   3   3   3   3   3   5   5   5   5
   1   1   1   1   1   3   3   3   3   3
   0   0   0   0   1   1   1   1   1   1
   2   2   2   0   0   0   0   0   0   0
   4   4   2   2   2   2   2   2   2   0
   6   4   4   4   4   4   4   4   2   2
   6   6   6   6   6   6   6   4   4   4
   8   8   8   8   8   8   6   6   6   6
---- 94-EDO (Meantone[7]) ----
primary_step=16, secondary_step=7, sharpness=9, num_cycles=1
   7   7   7   9   9  11  11  11  13  13
   5   5   5   7   7   9   9   9  11  11
   3   3   5   5   5   7   7   7   9   9
   1   3   3   3   5   5   5   5   7   7
   1   1   1   3   3   3   3   5   5   5
   0   0   1   1   1   1   3   3   3   5
   2   0   0   0   0   1   1   1   3   3
   2   2   2   2   0   0   0   1   1   1
   4   4   4   2   2   2   0   0   0   0
   6   6   4   4   4   2   2   2   2   0
   8   6   6   6   4   4   4   4   2   2
---- 94-EDO (Porcupine[8]) ----
primary_step=13, secondary_step=3, sharpness=10, num_cycles=1
   9   9   9   9   9   9  11  11  11  11
   7   7   7   7   7   7   9   9   9   9
   5   5   5   5   5   5   7   7   7   7
   3   3   3   3   3   3   5   5   5   5
   1   1   1   1   1   1   3   3   3   3
   0   0   0   0   0   1   1   1   1   1
   2   2   2   2   0   0   0   0   0   0
   4   4   4   2   2   2   2   2   2   2
   6   6   6   4   4   4   4   4   4   4
   8   8   8   6   6   6   6   6   6   6
  10  10  10   8   8   8   8   8   8   8
---- 94-EDO (Porcupine[7]) ----
primary_step=13, secondary_step=16, sharpness=-3, num_cycles=1
   7   7   9   9   9   9   9   9   9  11
   5   7   7   7   7   7   7   7   9   9
   5   5   5   5   5   5   5   7   7   7
   3   3   3   3   3   3   5   5   5   5
   1   1   1   1   1   3   3   3   3   3
   0   0   0   0   1   1   1   1   1   1
   2   2   2   0   0   0   0   0   0   0
   4   4   2   2   2   2   2   2   2   0
   6   4   4   4   4   4   4   4   2   2
   6   6   6   6   6   6   6   4   4   4
   8   8   8   8   8   8   6   6   6   6
---- 95-EDO (Meantone[7]) ----
primary_step=17, secondary_step=5, sharpness=12, num_cycles=1
   7   7   9   9  11  11  11  13  13  15
   5   5   7   7   9   9   9  11  11  13
   3   3   5   5   7   7   7   9   9  11
   1   3   3   3   5   5   5   7   7   9
   1   1   1   3   3   3   3   5   5   7
   0   0   1   1   1   1   3   3   3   5
   2   0   0   0   0   1   1   1   3   3
   2   2   2   2   0   0   0   1   1   1
   4   4   4   2   2   2   0   0   0   0
   6   6   4   4   4   2   2   2   2   0
   8   8   6   6   4   4   4   4   2   2
---- 95-EDO (Porcupine[8]) ----
primary_step=13, secondary_step=4, sharpness=9, num_cycles=1
   9   9   9   9   9   9  11  11  11  11
   7   7   7   7   7   7   9   9   9   9
   5   5   5   5   5   5   7   7   7   7
   3   3   3   3   3   3   5   5   5   5
   1   1   1   1   1   1   3   3   3   3
   0   0   0   0   0   1   1   1   1   1
   2   2   2   2   0   0   0   0   0   0
   4   4   4   2   2   2   2   2   2   2
   6   6   6   4   4   4   4   4   4   4
   8   8   8   6   6   6   6   6   6   6
  10  10  10   8   8   8   8   8   8   8
---- 95-EDO (Porcupine[7]) ----
primary_step=13, secondary_step=17, sharpness=-4, num_cycles=1
   7   7   9   9   9   9   9   9   9  11
   5   7   7   7   7   7   7   7   9   9
   5   5   5   5   5   5   5   7   7   7
   3   3   3   3   3   3   5   5   5   5
   1   1   1   1   1   3   3   3   3   3
   0   0   0   0   1   1   1   1   1   1
   2   2   2   0   0   0   0   0   0   0
   4   4   2   2   2   2   2   2   2   0
   6   4   4   4   4   4   4   4   2   2
   6   6   6   6   6   6   6   4   4   4
   8   8   8   8   8   8   6   6   6   6
---- 96-EDO (Meantone[7]) ----
primary_step=16, secondary_step=8, sharpness=8, num_cycles=8
   0   1   1   1   0   0   0   1   1   1
   1   1   1   0   0   0   1   1   1   0
   1   1   0   0   0   1   1   1   0   0
   1   0   0   0   1   1   1   0   0   0
   0   0   0   1   1   1   0   0   0   1
   0   0   1   1   1   0   0   0   1   1
   1   0   0   0   0   1   1   0   0   0
   0   0   0   0   1   1   0   0   0   0
   0   0   0   1   1   0   0   0   0   1
   0   0   1   1   0   0   0   0   1   1
   0   1   1   0   0   0   0   1   1   0
---- 97-EDO (Meantone[7]) ----
primary_step=17, secondary_step=6, sharpness=11, num_cycles=1
   7   7   9   9  11  11  11  13  13  15
   5   5   7   7   9   9   9  11  11  13
   3   3   5   5   7   7   7   9   9  11
   1   3   3   3   5   5   5   7   7   9
   1   1   1   3   3   3   3   5   5   7
   0   0   1   1   1   1   3   3   3   5
   2   0   0   0   0   1   1   1   3   3
   2   2   2   2   0   0   0   1   1   1
   4   4   4   2   2   2   0   0   0   0
   6   6   4   4   4   2   2   2   2   0
   8   8   6   6   4   4   4   4   2   2
---- 98-EDO (Meantone[7]) ----
primary_step=16, secondary_step=9, sharpness=7, num_cycles=1
   7   7   7   7   9   9  11  11  11  13
   5   5   5   7   7   7   9   9   9  11
   3   3   5   5   5   7   7   7   7   9
   1   3   3   3   5   5   5   5   7   7
   1   1   1   3   3   3   3   5   5   5
   0   0   1   1   1   1   3   3   3   5
   2   0   0   0   0   1   1   1   3   3
   2   2   2   2   0   0   0   1   1   1
   4   4   4   2   2   2   0   0   0   0
   6   6   4   4   4   2   2   2   2   0
   8   6   6   6   4   4   4   4   2   2
---- 99-EDO (Meantone[7]) ----
primary_step=17, secondary_step=7, sharpness=10, num_cycles=1
   7   7   7   9   9  11  11  11  13  13
   5   5   5   7   7   9   9   9  11  11
   3   3   5   5   5   7   7   7   9   9
   1   3   3   3   5   5   5   5   7   7
   1   1   1   3   3   3   3   5   5   5
   0   0   1   1   1   1   3   3   3   5
   2   0   0   0   0   1   1   1   3   3
   2   2   2   2   0   0   0   1   1   1
   4   4   4   2   2   2   0   0   0   0
   6   6   4   4   4   2   2   2   2   0
   8   6   6   6   4   4   4   4   2   2
